%% Matriz extraída de: tal-tal-mountain-range.mid
%% Pista: Sampler
format rat;

melodia = [...
    -1 -1 -1 -1 -1  3  1/4   ; ... % Nota: G4
    -1 -1 -1 -1  3 -1  5/16  ; ... % Nota: D4
    -1 -1 -1 -1 -1 -1  1/16  ; ... % Silencio
    -1 -1 -1 -1 -1 -1  3/16  ; ... % Silencio
    -1 -1 -1 -1 -1  5  1/16  ; ... % Nota: A4
    -1 -1 -1 -1 -1 -1  1/8   ; ... % Silencio
    -1 -1 -1 -1 -1 10  7/8   ; ... % Nota: D5
    -1 -1 -1 -1 -1 -1  1/8   ; ... % Silencio
    -1 -1 -1 -1 -1 15  1/4   ; ... % Nota: G5
    -1 -1 -1 -1 -1 10  5/16  ; ... % Nota: D5
    -1 -1 -1 -1 -1 -1  1/16  ; ... % Silencio
    -1 -1 -1 -1 -1 -1  3/16  ; ... % Silencio
    -1 -1 -1 -1 -1 17  1/16  ; ... % Nota: A5
    -1 -1 -1 -1 -1 -1  1/8   ; ... % Silencio
    -1 -1 -1 -1 -1 22  13/16 ; ... % Nota: D6
    -1  3 -1 -1 -1 -1  1/16  ; ... % Nota: C3
    -1 -1 -1 -1 -1 -1  1/8   ; ... % Silencio
    -1 -1 -1 -1 -1 -1  1/16  ; ... % Silencio
    -1 -1 -1 -1 -1 -1  5/16  ; ... % Silencio
    -1 -1 -1 -1  3 -1  1/16  ; ... % Nota: D4
    -1 -1 -1 -1 -1 -1  1/8   ; ... % Silencio
    -1 -1 -1 -1  3 -1  5/16  ; ... % Nota: D4
    -1 -1 -1 -1  3 -1  1/16  ; ... % Nota: D4
    -1 -1 -1 -1 -1 -1  5/8   ; ... % Silencio
    -1 -1 -1 -1  3 -1  1/16  ; ... % Nota: D4
    -1 -1 -1 -1 -1 -1  3/8   ; ... % Silencio
    -1 -1 -1 -1 -1 10  5/16  ; ... % Nota: D5
    -1 -1 -1 -1 -1 -1  1/16  ; ... % Silencio
    -1 -1 -1 -1 -1  0  1/16  ; ... % Nota: E4
    -1 -1 -1 -1 -1 -1  7/16  ; ... % Silencio
    -1 -1 -1 -1 -1  0  1/16  ; ... % Nota: E4
    -1 -1 -1 -1 -1 -1  1/8   ; ... % Silencio
    -1 -1 -1 -1 -1  0  1/16  ; ... % Nota: E4
    -1 -1 -1 -1 -1 -1  1/16  ; ... % Silencio
    -1 -1 -1 -1 -1 -1  3/8   ; ... % Silencio
    -1 -1 -1 -1 -1 10  3/16  ; ... % Nota: D5
    -1 -1 -1 -1 -1 -1  1/8   ; ... % Silencio
    -1 -1 -1 -1 -1 -1  1/16  ; ... % Silencio
    -1 -1 -1 -1 -1  1  1/16  ; ... % Nota: F4
    -1 -1 -1 -1 -1 -1  1/16  ; ... % Silencio
    -1 -1 -1 -1 -1 -1  3/16  ; ... % Silencio
    -1 -1 -1 -1 -1  3  1/16  ; ... % Nota: G4 (Acorde simplificado)
    -1 -1 -1 -1 -1 15  3/4   ; ... % Nota: G5
    -1 -1 -1 -1 -1  1  1/16  ; ... % Nota: F4
    -1 -1 -1 -1 -1 -1  3/16  ; ... % Silencio
    -1 -1 -1 -1 -1  1  1/16  ; ... % Nota: F4
    -1 -1 -1 -1 -1 -1  3/8   ; ... % Silencio
    -1 -1 -1 -1 -1 -1  1/16  ; ... % Silencio
    -1 -1 -1 -1 -1 15  1/6   ; ... % Nota: G5
    -1 -1 -1 -1 -1  0  1/16  ; ... % Nota: E4
    -1 -1 -1 -1 -1 -1  3/16  ; ... % Silencio
    -1 -1 -1 -1 -1  0  1/16  ; ... % Nota: E4
    -1 -1 -1 -1 -1 -1  3/16  ; ... % Silencio
    -1 -1 -1 -1 -1  0  1/16  ; ... % Nota: E4
    -1 -1 -1 -1 -1 -1  3/8   ; ... % Silencio
    -1 -1 -1 -1 -1 -1  1/16  ; ... % Silencio
    -1 -1 -1 -1 -1 -1  5/16  ; ... % Silencio
    -1 -1 -1 -1  3 -1  1/16  ; ... % Nota: D4
    -1 -1 -1 -1 -1 -1  1/8   ; ... % Silencio
    -1 -1 -1 -1 -1 -1  3/16  ; ... % Nota: G6
    -1 -1 -1 -1  3 -1  1/16  ; ... % Nota: D4
    -1 -1 -1 -1 -1 -1  5/8   ; ... % Silencio
    -1 -1 -1 -1 -1 -1  1/8   ; ... % Silencio
    -1 -1 -1 -1  3 -1  1/16  ; ... % Nota: D4
    -1 -1 -1 -1 -1 -1  3/8   ; ... % Silencio
    -1 -1 -1 -1 -1 -1  1/16  ; ... % Silencio
    -1 -1 -1 -1 -1 -1  5/16  ; ... % Silencio
    -1 -1 -1 -1  1 -1  1/16  ; ... % Nota: C4
    -1 -1 -1 -1 -1 -1  1/8   ; ... % Silencio
    -1 -1 -1 -1 -1 -1  1/4   ; ... % Nota: F6
    -1 -1 -1 -1  1 -1  1/16  ; ... % Nota: C4
    -1 -1 -1 -1 -1 -1  5/8   ; ... % Silencio
    -1 -1 -1 -1 -1 -1  1/16  ; ... % Silencio
    -1 -1 -1 -1  1 -1  1/16  ; ... % Nota: C4
    -1 -1 -1 -1 -1 -1  3/8   ; ... % Silencio
    -1 -1 -1 -1 -1 -1  1/16  ; ... % Silencio
    -1 -1 -1 -1  3 -1  1/16  ; ... % Nota: D4
    -1 -1 -1 -1 -1 -1  1/16  ; ... % Silencio
    -1 -1 -1 -1 -1 -1  3/16  ; ... % Silencio
    -1 -1 -1 -1 -1 10  1/16  ; ... % Nota: D5 (Acorde simplificado)
    -1 -1 -1 -1 -1 10  1/4   ; ... % Nota: D5
    -1 -1 -1 -1  3 -1  1/16  ; ... % Nota: D4
    -1 -1 -1 -1 -1 -1  5/8   ; ... % Silencio
    -1 -1 -1 -1 -1 -1  1/16  ; ... % Silencio
    -1 -1 -1 -1 -1  0  1/16  ; ... % Nota: E4
    -1 -1 -1 -1 -1 -1  3/8   ; ... % Silencio
    -1 -1 -1 -1 -1 10  13/16 ; ... % Nota: D5
    -1 -1 -1 -1 -1 -1  1/16  ; ... % Silencio
    -1 -1 -1 -1 -1  2  1/16  ; ... % Nota: F#4
    -1 -1 -1 -1 -1 -1  3/16  ; ... % Silencio
    -1 -1 -1 -1 -1  2  1/16  ; ... % Nota: F#4
    -1 -1 -1 -1 -1 -1  3/16  ; ... % Silencio
    -1 -1 -1 -1 -1  2  1/16  ; ... % Nota: F#4
    -1 -1 -1 -1 -1 -1  3/8   ; ... % Silencio
    -1 -1 -1 -1 -1 -1  3/16  ; ... % Silencio
    -1 -1 -1 -1 -1 -1  1/16  ; ... % Silencio
    -1 -1 -1 -1 -1 -1  5/16  ; ... % Silencio
    -1 -1 -1 -1  3 -1  1/16  ; ... % Nota: D4
    -1 -1 -1 -1 -1 -1  1/8   ; ... % Silencio
    -1 -1 -1 -1  3 -1  1/4   ; ... % Nota: D4
    -1 -1 -1 -1  3 -1  1/16  ; ... % Nota: D4
    -1 -1 -1 -1 -1 -1  5/8   ; ... % Silencio
    -1 -1 -1 -1 -1 -1  1/16  ; ... % Silencio
    -1 -1 -1 -1  3 -1  1/16  ; ... % Nota: D4
    -1 -1 -1 -1 -1 -1  3/8   ; ... % Silencio
    -1 -1 -1 -1 -1 10  5/16  ; ... % Nota: D5
    -1 -1 -1 -1 -1 -1  1/16  ; ... % Silencio
    -1 -1 -1 -1  4 -1  1/16  ; ... % Nota: E-4
    -1 -1 -1 -1 -1 -1  7/16  ; ... % Silencio
    -1 -1 -1 -1  4 -1  1/16  ; ... % Nota: E-4
    -1 -1 -1 -1 -1 -1  1/8   ; ... % Silencio
    -1 -1 -1 -1  4 -1  1/16  ; ... % Nota: E-4
    -1 -1 -1 -1 -1 -1  1/16  ; ... % Silencio
    -1 -1 -1 -1 -1 -1  3/8   ; ... % Silencio
    -1 -1 -1 -1 -1 10  3/16  ; ... % Nota: D5
    -1 -1 -1 -1 -1 -1  1/8   ; ... % Silencio
    -1 -1 -1 -1 -1 -1  1/16  ; ... % Silencio
    -1 -1 -1 -1  3 -1  1/16  ; ... % Nota: D4
    -1 -1 -1 -1 -1 -1  1/16  ; ... % Silencio
    -1 -1 -1 -1 -1 -1  3/16  ; ... % Silencio
    -1 -1 -1 -1 -1  3  1/16  ; ... % Nota: G4 (Acorde simplificado)
    -1 -1 -1 -1 -1 10  5/16  ; ... % Nota: D5
    -1 -1 -1 -1  3 -1  1/16  ; ... % Nota: D4
    -1 -1 -1 -1 -1 -1  5/8   ; ... % Silencio
    -1 -1 -1 -1  3 -1  1/16  ; ... % Nota: D4
    -1 -1 -1 -1 -1 -1  3/8   ; ... % Silencio
    -1 -1 -1 -1 -1 18  5/16  ; ... % Nota: B-5
    -1 -1 -1 -1 -1 -1  1/16  ; ... % Silencio
    -1 -1 -1 -1  3 -1  1/16  ; ... % Nota: D4
    -1 -1 -1 -1 -1 -1  7/8   ; ... % Silencio
    -1 -1 -1 -1  3 -1  1/16  ; ... % Nota: D4
    -1 -1 -1 -1 -1 -1  3/16  ; ... % Silencio
    -1 -1 -1 -1  3 -1  1/16  ; ... % Nota: D4
    -1 -1 -1 -1 -1 -1  3/8   ; ... % Silencio
    -1 -1 -1 -1 -1 -1  1/16  ; ... % Silencio
    -1 -1 -1 -1 -1 -1  5/16  ; ... % Silencio
    -1 -1 -1 -1  4 -1  1/16  ; ... % Nota: E-4
    -1 -1 -1 -1 -1 -1  1/8   ; ... % Silencio
    -1 -1 -1 -1 -1 -1  3/16  ; ... % Nota: E-6
    -1 -1 -1 -1  4 -1  1/16  ; ... % Nota: E-4
    -1 -1 -1 -1 -1 -1  5/8   ; ... % Silencio
    -1 -1 -1 -1 -1 -1  1/8   ; ... % Silencio
    -1 -1 -1 -1  4 -1  1/16  ; ... % Nota: E-4
    -1 -1 -1 -1 -1 -1  3/16  ; ... % Nota: F6
    -1 -1 -1 -1 -1 -1  3/16  ; ... % Nota: E-6
    -1 -1 -1 -1 -1 -1  1/16  ; ... % Silencio
    -1 -1 -1 -1 -1  3  1/16  ; ... % Nota: G4
    -1 -1 -1 -1 -1 -1  1/16  ; ... % Silencio
    -1 -1 -1 -1 -1 -1  7/8   ; ... % Silencio
    -1 -1 -1 -1 -1 17  3/16  ; ... % Nota: A5
    -1 -1 -1 -1 -1 -1  5/16  ; ... % Silencio
    -1 -1 -1 -1 -1 18  3/16  ; ... % Nota: B-5
    -1 -1 -1 -1 -1 -1  1/8   ; ... % Silencio
    -1 -1 -1 -1 -1 15  3/4   ; ... % Nota: G5
    -1 -1 -1 -1 -1 10  7/16  ; ... % Nota: D5
    -1 -1 -1 -1 -1 -1  3/16  ; ... % Silencio
    -1 -1  0 -1 -1 -1  3/16  ; ... % Nota: D3
    -1 -1 -1 -1 -1 -1  5/16  ; ... % Silencio
    -1 -1 -1 -1 -1 -1  1/16  ; ... % Silencio
    -1 -1 -1 -1 -1  8  7/16  ; ... % Nota: C5
    -1  3 -1 -1 -1 -1  3/16  ; ... % Nota: C3
    -1 -1 -1 -1 -1 -1  1/4   ; ... % Silencio
    -1 -1 -1 -1 -1 -1  1/8   ; ... % Silencio
    -1 -1 -1 -1 -1 -1  1/16  ; ... % Silencio
    -1 -1 -1 -1 -1 -1  15/16 ; ... % Nota: G6
    -1 -1 -1 -1 -1  6  7/16  ; ... % Nota: B-4
    -1 -1 -1 -1 -1 -1  3/16  ; ... % Silencio
    -1  1 -1 -1 -1 -1  3/16  ; ... % Nota: B-2
    -1 -1 -1 -1 -1 -1  5/16  ; ... % Silencio
    -1 -1 -1 -1 -1 -1  1/16  ; ... % Silencio
