% ======== MATRIZ GENERADA EN FASE 3 (QUINTA ACTIVIDAD) ========
% Fuente original: songs/m and wav files/lhymne_a_lamour_acoustic_guitar.m
% Columna 7 regenerada por cadena de Markov global P[Ti+1|Ti].
% Dimensión: 426 x 7
format rat;

melodia = [
    -1 -1 -1 -1 -1 -1 0.5;...
    -1 -1 -1 -1 -1 -1 0.5;...
    -1 -1 -1 3 -1 -1 0.125;...
    -1 -1 -1 1 -1 -1 0.125;...
    -1 -1 1 0 -1 -1 0.125;...
    -1 1 -1 -1 -1 -1 0.25;...
    0 -1 -1 -1 -1 -1 0.125;...
    -1 -1 -1 0 -1 -1 0.125;...
    4 -1 -1 0 -1 -1 0.125;...
    -1 -1 -1 -1 0 -1 0.0833333333333333;...
    -1 -1 -1 -1 3 -1 0.0833333333333333;...
    -1 -1 -1 -1 6 -1 0.0833333333333333;...
    -1 3 -1 -1 4 -1 0.25;...
    -1 -1 5 -1 -1 -1 0.25;...
    -1 -1 -1 7 -1 -1 0.25;...
    -1 -1 -1 -1 4 -1 0.25;...
    -1 -1 -1 -1 -1 3 0.25;...
    -1 -1 -1 -1 4 -1 0.25;...
    -1 -1 -1 5 -1 -1 0.25;...
    -1 -1 -1 3 -1 -1 0.125;...
    2 -1 -1 1 -1 -1 0.125;...
    4 -1 -1 -1 -1 -1 0.125;...
    5 -1 -1 -1 -1 -1 0.125;...
    -1 3 -1 1 -1 -1 0.125;...
    -1 -1 5 1 -1 -1 0.125;...
    -1 -1 -1 -1 1 -1 0.125;...
    -1 -1 -1 -1 4 -1 0.125;...
    -1 -1 -1 -1 -1 3 0.125;...
    -1 1 -1 1 1 1 0.125;...
    -1 -1 1 -1 -1 -1 0.125;...
    -1 -1 -1 1 -1 -1 0.25;...
    -1 -1 -1 -1 1 -1 0.25;...
    -1 1 -1 1 0 -1 0.25;...
    -1 -1 0 -1 -1 -1 0.25;...
    -1 -1 -1 -1 -1 3 0.25;...
    -1 -1 -1 -1 -1 4 0.25;...
    0 -1 -1 -1 -1 6 0.5;...
    -1 -1 5 -1 -1 -1 0.25;...
    -1 -1 -1 -1 4 -1 0.25;...
    -1 -1 -1 3 -1 -1 0.125;...
    -1 -1 5 4 4 -1 0.125;...
    0 -1 -1 -1 -1 -1 0.125;...
    0 -1 -1 -1 -1 -1 0.125;...
    -1 -1 -1 -1 3 -1 0.125;...
    -1 -1 1 1 1 -1 0.125;...
    0 -1 -1 -1 -1 -1 0.125;...
    -1 -1 -1 -1 -1 4 0.125;...
    0 -1 -1 -1 -1 -1 0.125;...
    -1 -1 3 -1 0 -1 0.125;...
    0 -1 -1 -1 -1 -1 0.125;...
    -1 -1 -1 -1 -1 6 0.125;...
    -1 -1 -1 -1 -1 4 0.125;...
    0 -1 -1 -1 -1 3 0.125;...
    -1 6 -1 -1 -1 -1 0.125;...
    -1 -1 0 -1 -1 -1 0.125;...
    -1 4 -1 -1 4 -1 0.125;...
    -1 3 -1 -1 -1 4 0.125;...
    -1 -1 2 -1 -1 -1 0.125;...
    -1 -1 -1 3 2 -1 0.125;...
    -1 -1 -1 -1 -1 3 0.125;...
    2 -1 -1 -1 -1 1 0.125;...
    -1 -1 1 2 3 -1 0.0416666666666667;...
    -1 -1 1 2 2 -1 0.0416666666666667;...
    -1 -1 1 2 2 -1 0.0416666666666667;...
    -1 -1 1 1 1 -1 0.125;...
    -1 -1 1 -1 -1 -1 0.125;...
    -1 1 0 3 -1 -1 0.125;...
    -1 -1 -1 1 -1 -1 0.125;...
    -1 -1 1 0 -1 -1 0.125;...
    -1 1 -1 -1 -1 -1 0.125;...
    0 -1 -1 -1 -1 -1 0.25;...
    -1 -1 -1 0 -1 -1 0.25;...
    4 -1 -1 0 -1 -1 0.25;...
    -1 -1 -1 -1 0 -1 0.25;...
    -1 -1 -1 -1 3 -1 0.25;...
    -1 -1 -1 -1 6 -1 0.25;...
    -1 3 -1 -1 4 -1 0.25;...
    -1 -1 5 -1 -1 -1 0.25;...
    -1 -1 -1 7 -1 -1 0.125;...
    -1 -1 -1 -1 4 -1 0.125;...
    -1 -1 -1 -1 -1 3 0.25;...
    -1 -1 -1 -1 4 -1 0.25;...
    -1 -1 -1 5 -1 -1 0.25;...
    -1 -1 -1 3 -1 -1 0.25;...
    2 -1 -1 1 -1 -1 0.25;...
    4 -1 -1 -1 -1 -1 0.25;...
    5 -1 -1 -1 -1 -1 0.25;...
    -1 3 -1 1 -1 -1 0.25;...
    -1 -1 5 1 -1 -1 0.25;...
    -1 -1 -1 -1 1 -1 0.25;...
    -1 -1 -1 -1 4 -1 0.25;...
    -1 -1 -1 -1 -1 3 0.25;...
    -1 1 -1 1 1 1 0.125;...
    -1 -1 1 -1 -1 -1 0.125;...
    -1 -1 -1 1 -1 -1 0.125;...
    -1 -1 -1 -1 1 -1 0.125;...
    -1 1 -1 1 0 -1 0.125;...
    -1 -1 0 -1 -1 -1 0.125;...
    -1 -1 -1 -1 -1 3 0.125;...
    -1 -1 -1 -1 -1 4 0.125;...
    0 -1 -1 -1 -1 6 0.125;...
    -1 -1 5 -1 -1 -1 0.125;...
    -1 -1 -1 -1 4 -1 0.125;...
    -1 -1 -1 3 -1 -1 0.125;...
    -1 -1 5 4 4 -1 0.125;...
    0 -1 -1 -1 -1 -1 0.125;...
    0 -1 -1 -1 -1 -1 0.125;...
    -1 -1 -1 -1 3 -1 0.125;...
    -1 -1 1 1 1 -1 0.125;...
    0 -1 -1 -1 -1 -1 0.125;...
    -1 -1 -1 -1 -1 4 0.125;...
    0 -1 -1 -1 -1 -1 0.125;...
    -1 -1 3 -1 0 -1 0.125;...
    0 -1 -1 -1 -1 -1 0.125;...
    -1 -1 -1 -1 -1 6 0.125;...
    -1 -1 -1 -1 -1 4 0.125;...
    0 -1 -1 -1 -1 3 0.125;...
    -1 5 -1 -1 -1 -1 0.125;...
    -1 -1 5 3 4 -1 0.125;...
    -1 4 -1 -1 -1 -1 0.125;...
    -1 -1 -1 3 -1 -1 0.125;...
    -1 3 -1 -1 -1 -1 0.125;...
    -1 -1 -1 -1 4 -1 0.125;...
    -1 2 -1 -1 -1 -1 0.125;...
    -1 -1 1 2 -1 1 0.125;...
    -1 1 0 1 0 3 0.125;...
    0 -1 5 3 4 -1 0.125;...
    -1 1 -1 -1 -1 -1 0.125;...
    -1 -1 3 -1 -1 -1 0.125;...
    -1 -1 -1 0 -1 -1 0.125;...
    -1 -1 -1 3 -1 -1 0.125;...
    4 -1 -1 -1 -1 -1 0.125;...
    -1 -1 3 -1 -1 -1 0.125;...
    -1 -1 -1 1 -1 -1 0.125;...
    -1 -1 -1 -1 0 -1 0.125;...
    -1 3 -1 -1 -1 -1 0.125;...
    -1 -1 -1 5 -1 -1 0.125;...
    -1 -1 -1 5 -1 -1 0.125;...
    -1 -1 -1 5 -1 -1 0.125;...
    -1 -1 -1 5 -1 -1 0.125;...
    4 -1 3 4 3 -1 0.125;...
    -1 -1 -1 -1 3 -1 0.125;...
    -1 3 3 3 4 -1 0.125;...
    -1 -1 -1 -1 4 -1 0.125;...
    -1 -1 -1 5 -1 -1 0.125;...
    -1 -1 -1 5 -1 -1 0.125;...
    -1 -1 -1 5 -1 -1 0.125;...
    -1 -1 -1 5 -1 -1 0.125;...
    4 -1 3 4 3 -1 0.125;...
    -1 -1 -1 -1 3 -1 0.25;...
    -1 3 3 3 4 -1 0.25;...
    -1 -1 -1 -1 4 -1 0.25;...
    -1 -1 -1 5 -1 -1 0.125;...
    -1 -1 -1 5 -1 -1 0.125;...
    5 -1 4 -1 4 -1 0.125;...
    -1 -1 -1 -1 4 -1 0.125;...
    -1 -1 -1 5 -1 -1 0.125;...
    -1 -1 -1 5 -1 -1 0.125;...
    4 -1 -1 -1 3 -1 0.125;...
    -1 5 -1 -1 -1 -1 0.125;...
    -1 -1 3 -1 -1 -1 0.125;...
    -1 -1 6 -1 -1 -1 0.125;...
    -1 -1 5 -1 -1 -1 0.125;...
    -1 -1 -1 -1 4 -1 0.125;...
    -1 -1 -1 -1 4 -1 0.125;...
    -1 -1 -1 -1 4 -1 0.25;...
    -1 -1 -1 -1 4 -1 0.25;...
    -1 5 6 3 6 -1 0.25;...
    -1 -1 -1 -1 6 -1 0.125;...
    -1 6 8 -1 8 -1 0.125;...
    -1 -1 -1 -1 8 -1 0.125;...
    -1 -1 -1 8 -1 -1 0.125;...
    -1 -1 -1 8 -1 -1 0.125;...
    -1 -1 -1 8 -1 -1 0.25;...
    -1 -1 -1 8 -1 -1 0.25;...
    -1 5 6 3 6 -1 0.25;...
    -1 -1 -1 -1 6 -1 0.25;...
    -1 6 8 -1 8 -1 0.25;...
    -1 -1 -1 -1 8 -1 0.25;...
    -1 -1 -1 -1 8 -1 0.25;...
    -1 -1 -1 -1 8 -1 0.125;...
    -1 5 5 5 5 5 0.125;...
    -1 -1 -1 -1 -1 5 0.125;...
    -1 -1 -1 -1 5 -1 0.125;...
    -1 -1 -1 -1 5 -1 0.125;...
    4 -1 -1 -1 -1 3 0.25;...
    -1 5 -1 -1 -1 -1 0.25;...
    -1 -1 3 -1 -1 -1 0.125;...
    -1 -1 6 -1 -1 -1 0.125;...
    -1 -1 5 -1 -1 -1 0.125;...
    -1 -1 -1 5 -1 -1 0.125;...
    -1 -1 -1 5 -1 -1 0.125;...
    -1 -1 -1 5 -1 -1 0.125;...
    -1 -1 -1 5 -1 -1 0.125;...
    4 -1 3 4 3 -1 0.25;...
    -1 -1 -1 -1 3 -1 0.25;...
    -1 3 3 3 4 -1 0.25;...
    -1 -1 -1 -1 4 -1 0.25;...
    -1 -1 -1 5 -1 -1 0.25;...
    -1 -1 -1 5 -1 -1 0.25;...
    -1 -1 -1 5 -1 -1 0.25;...
    -1 -1 -1 5 -1 -1 0.25;...
    4 -1 3 4 3 -1 0.25;...
    -1 -1 -1 -1 3 -1 0.25;...
    -1 3 3 3 4 -1 0.25;...
    -1 -1 -1 -1 4 -1 0.25;...
    -1 -1 -1 5 -1 -1 0.25;...
    -1 -1 -1 5 -1 -1 0.25;...
    5 -1 4 -1 4 -1 0.25;...
    -1 -1 -1 -1 4 -1 0.25;...
    -1 -1 -1 5 -1 -1 0.25;...
    -1 -1 -1 5 -1 -1 0.25;...
    4 -1 -1 -1 3 -1 0.25;...
    -1 5 -1 -1 -1 -1 0.25;...
    -1 -1 3 -1 -1 -1 0.25;...
    -1 -1 6 -1 -1 -1 0.25;...
    -1 5 -1 -1 -1 -1 0.25;...
    -1 -1 -1 -1 -1 3 0.125;...
    -1 -1 -1 -1 -1 3 0.125;...
    2 -1 -1 -1 4 4 0.125;...
    -1 -1 -1 -1 -1 4 0.25;...
    -1 1 -1 -1 3 1 0.25;...
    -1 -1 -1 -1 -1 1 0.25;...
    0 -1 -1 -1 3 3 0.25;...
    -1 -1 -1 -1 4 -1 0.25;...
    -1 -1 -1 7 4 -1 0.25;...
    -1 -1 -1 6 4 -1 0.25;...
    5 -1 -1 5 6 -1 0.25;...
    -1 -1 -1 -1 6 -1 0.25;...
    4 -1 -1 4 3 -1 0.25;...
    -1 -1 -1 -1 3 -1 0.25;...
    -1 3 -1 7 4 -1 0.25;...
    -1 -1 -1 5 -1 -1 0.25;...
    -1 -1 3 -1 -1 -1 0.25;...
    -1 -1 -1 5 4 -1 0.25;...
    7 -1 -1 -1 -1 -1 0.25;...
    -1 -1 -1 5 4 -1 0.25;...
    5 -1 -1 -1 -1 -1 0.25;...
    -1 -1 -1 5 6 -1 0.25;...
    -1 -1 -1 -1 6 -1 0.25;...
    -1 -1 -1 -1 4 -1 0.125;...
    -1 -1 -1 -1 6 -1 0.125;...
    4 -1 -1 -1 -1 3 0.125;...
    -1 5 -1 -1 -1 -1 0.125;...
    -1 -1 3 -1 -1 -1 0.125;...
    -1 -1 6 -1 -1 -1 0.25;...
    -1 7 -1 -1 -1 -1 0.25;...
    -1 -1 6 -1 -1 -1 0.125;...
    -1 -1 -1 5 -1 -1 0.125;...
    -1 -1 -1 -1 4 -1 0.125;...
    -1 -1 -1 -1 16 -1 0.125;...
    -1 -1 -1 -1 16 -1 0.125;...
    -1 -1 -1 -1 16 -1 0.125;...
    -1 -1 -1 3 -1 -1 0.125;...
