% ======== MATRIZ GENERADA EN FASE 3 (QUINTA ACTIVIDAD) ========
% Fuente original: songs/m and wav files/la_vie_en_rose_by_edith_piaf.m
% Columna 7 regenerada por cadena de Markov global P[Ti+1|Ti].
% Dimensión: 128 x 7
format rat;

melodia = [
    3 -1 -1 -1 -1 3 0.25;...
    -1 -1 0 0 0 -1 0.25;...
    -1 -1 -1 -1 -1 2 0.25;...
    3 -1 -1 -1 -1 0 0.25;...
    -1 -1 -1 -1 3 -1 0.125;...
    -1 -1 0 0 0 -1 0.125;...
    -1 -1 -1 -1 -1 3 0.125;...
    3 -1 -1 -1 -1 2 0.125;...
    -1 -1 0 0 0 -1 0.125;...
    -1 -1 -1 -1 -1 0 0.125;...
    3 -1 -1 -1 3 -1 0.125;...
    -1 -1 -1 -1 0 -1 0.125;...
    -1 -1 0 0 -1 -1 0.125;...
    -1 -1 -1 -1 -1 2 0.125;...
    3 -1 -1 -1 -1 0 0.125;...
    -1 -1 0 0 0 -1 0.125;...
    -1 -1 -1 -1 3 -1 0.125;...
    3 -1 -1 -1 0 -1 0.125;...
    -1 -1 4 -1 -1 -1 0.125;...
    -1 -1 -1 0 -1 -1 0.125;...
    -1 -1 -1 -1 0 -1 0.125;...
    -1 -1 -1 -1 -1 2 0.125;...
    -1 0 -1 0 1 0 0.125;...
    -1 -1 2 0 1 -1 0.125;...
    -1 5 -1 -1 3 -1 0.125;...
    -1 -1 4 5 -1 -1 0.125;...
    5 -1 -1 -1 -1 5 0.125;...
    -1 -1 5 5 5 -1 0.125;...
    -1 -1 -1 -1 8 -1 0.125;...
    5 -1 -1 -1 7 -1 0.25;...
    -1 -1 -1 -1 5 -1 0.25;...
    -1 -1 5 5 -1 -1 0.25;...
    -1 -1 -1 -1 8 -1 0.25;...
    -1 5 -1 -1 7 -1 0.25;...
    -1 -1 7 5 -1 -1 0.25;...
    -1 -1 -1 -1 5 -1 0.25;...
    -1 5 -1 7 -1 -1 0.125;...
    -1 -1 -1 5 -1 -1 0.125;...
    -1 -1 7 -1 -1 -1 0.125;...
    -1 -1 -1 -1 7 -1 0.125;...
    5 -1 -1 -1 5 -1 0.125;...
    -1 -1 5 5 -1 -1 0.125;...
    -1 -1 -1 7 -1 -1 0.125;...
    -1 5 -1 5 -1 -1 0.125;...
    -1 -1 6 4 6 -1 0.125;...
    -1 -1 7 5 7 -1 0.125;...
    3 -1 -1 -1 -1 0 0.125;...
    -1 -1 0 0 0 -1 0.125;...
    -1 5 -1 -1 3 -1 0.125;...
    -1 -1 4 5 -1 -1 0.125;...
    3 -1 -1 -1 -1 3 0.125;...
    -1 -1 0 0 0 -1 0.125;...
    -1 -1 -1 -1 -1 2 0.125;...
    3 -1 -1 -1 -1 0 0.125;...
    -1 -1 -1 -1 3 -1 0.125;...
    -1 -1 0 0 0 -1 0.125;...
    -1 -1 -1 -1 -1 3 0.125;...
    3 -1 -1 -1 -1 2 0.125;...
    -1 -1 0 0 0 -1 0.125;...
    -1 -1 -1 -1 -1 0 0.25;...
    3 -1 -1 -1 3 -1 0.25;...
    -1 -1 -1 -1 0 -1 0.25;...
    -1 -1 0 0 -1 -1 0.375;...
    -1 -1 -1 -1 -1 2 0.125;...
    3 -1 -1 -1 -1 0 0.125;...
    -1 -1 0 0 0 -1 0.125;...
    -1 -1 -1 -1 3 -1 0.125;...
    3 -1 -1 -1 0 -1 0.125;...
    -1 -1 4 -1 -1 -1 0.125;...
    -1 -1 -1 0 -1 -1 0.125;...
    -1 -1 -1 -1 -1 3 0.125;...
    3 -1 -1 -1 -1 3 0.125;...
    -1 -1 2 0 1 -1 0.125;...
    -1 -1 2 0 1 -1 0.125;...
    3 -1 -1 -1 -1 -1 0.125;...
    -1 -1 2 0 1 -1 0.125;...
    -1 3 -1 -1 -1 5 0.125;...
    -1 -1 -1 -1 -1 5 0.125;...
    -1 -1 5 3 4 -1 0.25;...
    -1 -1 -1 -1 -1 3 0.25;...
    -1 3 -1 -1 -1 5 0.375;...
    -1 -1 -1 -1 -1 5 0.125;...
    -1 -1 5 3 4 -1 0.125;...
    -1 -1 -1 -1 -1 3 0.125;...
    3 -1 -1 -1 -1 5 0.125;...
    -1 -1 -1 -1 -1 3 0.125;...
    -1 -1 5 4 5 -1 0.125;...
    -1 -1 2 1 3 -1 0.125;...
    0 -1 -1 -1 -1 -1 0.125;...
    -1 -1 -1 -1 -1 0 0.125;...
    -1 -1 2 -1 -1 -1 0.125;...
    5 -1 -1 -1 -1 5 0.125;...
    -1 -1 -1 -1 -1 5 0.125;...
    -1 -1 5 5 5 -1 0.125;...
    -1 -1 -1 -1 8 -1 0.125;...
    5 -1 -1 -1 -1 5 0.125;...
    -1 -1 -1 -1 -1 5 0.125;...
    -1 -1 5 5 5 -1 0.125;...
    -1 -1 -1 -1 8 -1 0.25;...
    -1 5 -1 -1 -1 5 0.125;...
    -1 -1 -1 -1 -1 5 0.125;...
    -1 -1 5 5 5 5 0.125;...
    -1 -1 -1 -1 8 5 0.125;...
    -1 -1 5 5 5 5 0.125;...
    -1 -1 -1 -1 -1 7 0.125;...
    3 -1 -1 -1 -1 3 0.125;...
    -1 -1 0 0 0 -1 0.25;...
    -1 -1 -1 -1 -1 2 0.25;...
    3 -1 -1 -1 -1 0 0.25;...
    -1 -1 -1 -1 3 -1 0.25;...
    -1 -1 0 0 0 -1 0.25;...
    -1 -1 -1 -1 -1 3 0.25;...
    3 -1 -1 -1 -1 2 0.25;...
    -1 -1 0 0 0 -1 0.25;...
    -1 -1 -1 -1 -1 0 0.25;...
    3 -1 -1 -1 3 -1 0.125;...
    -1 -1 -1 -1 0 -1 0.125;...
    -1 -1 0 0 -1 -1 0.125;...
    -1 -1 -1 -1 -1 2 0.25;...
    -1 0 -1 -1 -1 0 0.25;...
    -1 -1 -1 -1 3 -1 0.25;...
    -1 5 4 5 5 -1 0.25;...
    -1 -1 0 2 1 2 0.25;...
    -1 3 -1 0 4 5 0.25;...
    -1 3 -1 0 4 3 0.25;...
    -1 -1 -1 -1 -1 5 0.25;...
    -1 -1 -1 -1 -1 3 0.5;...
    -1 5 -1 0 0 7 0.5;...
];
