% ======== MATRIZ GENERADA EN FASE 2 (CUARTA ACTIVIDAD) ========
% Fuente original: songs/m and wav files/la_vie_en_rose_by_edith_piaf.m
% Columna 7 regenerada por muestreo independiente con probabilidad global.
% Dimensión: 128 x 7
format rat;

melodia = [
    3 -1 -1 -1 -1 3 0.125;...
    -1 -1 0 0 0 -1 0.25;...
    -1 -1 -1 -1 -1 2 0.0625;...
    3 -1 -1 -1 -1 0 0.125;...
    -1 -1 -1 -1 3 -1 0.125;...
    -1 -1 0 0 0 -1 0.125;...
    -1 -1 -1 -1 -1 3 0.25;...
    3 -1 -1 -1 -1 2 0.25;...
    -1 -1 0 0 0 -1 0.125;...
    -1 -1 -1 -1 -1 0 0.125;...
    3 -1 -1 -1 3 -1 0.0625;...
    -1 -1 -1 -1 0 -1 0.125;...
    -1 -1 0 0 -1 -1 0.25;...
    -1 -1 -1 -1 -1 2 0.0416666666666667;...
    3 -1 -1 -1 -1 0 0.125;...
    -1 -1 0 0 0 -1 0.25;...
    -1 -1 -1 -1 3 -1 0.75;...
    3 -1 -1 -1 0 -1 0.125;...
    -1 -1 4 -1 -1 -1 0.125;...
    -1 -1 -1 0 -1 -1 0.125;...
    -1 -1 -1 -1 0 -1 0.125;...
    -1 -1 -1 -1 -1 2 0.125;...
    -1 0 -1 0 1 0 0.125;...
    -1 -1 2 0 1 -1 0.25;...
    -1 5 -1 -1 3 -1 0.125;...
    -1 -1 4 5 -1 -1 0.125;...
    5 -1 -1 -1 -1 5 0.125;...
    -1 -1 5 5 5 -1 0.125;...
    -1 -1 -1 -1 8 -1 0.125;...
    5 -1 -1 -1 7 -1 0.125;...
    -1 -1 -1 -1 5 -1 0.125;...
    -1 -1 5 5 -1 -1 0.125;...
    -1 -1 -1 -1 8 -1 0.125;...
    -1 5 -1 -1 7 -1 0.125;...
    -1 -1 7 5 -1 -1 0.25;...
    -1 -1 -1 -1 5 -1 0.25;...
    -1 5 -1 7 -1 -1 0.25;...
    -1 -1 -1 5 -1 -1 0.25;...
    -1 -1 7 -1 -1 -1 0.25;...
    -1 -1 -1 -1 7 -1 0.25;...
    5 -1 -1 -1 5 -1 0.125;...
    -1 -1 5 5 -1 -1 0.125;...
    -1 -1 -1 7 -1 -1 0.5;...
    -1 5 -1 5 -1 -1 0.125;...
    -1 -1 6 4 6 -1 0.125;...
    -1 -1 7 5 7 -1 0.125;...
    3 -1 -1 -1 -1 0 0.0625;...
    -1 -1 0 0 0 -1 0.25;...
    -1 5 -1 -1 3 -1 0.0625;...
    -1 -1 4 5 -1 -1 0.125;...
    3 -1 -1 -1 -1 3 0.75;...
    -1 -1 0 0 0 -1 0.125;...
    -1 -1 -1 -1 -1 2 0.125;...
    3 -1 -1 -1 -1 0 0.25;...
    -1 -1 -1 -1 3 -1 0.0625;...
    -1 -1 0 0 0 -1 0.125;...
    -1 -1 -1 -1 -1 3 0.125;...
    3 -1 -1 -1 -1 2 0.125;...
    -1 -1 0 0 0 -1 0.125;...
    -1 -1 -1 -1 -1 0 0.25;...
    3 -1 -1 -1 3 -1 0.125;...
    -1 -1 -1 -1 0 -1 0.125;...
    -1 -1 0 0 -1 -1 0.125;...
    -1 -1 -1 -1 -1 2 0.125;...
    3 -1 -1 -1 -1 0 0.25;...
    -1 -1 0 0 0 -1 0.125;...
    -1 -1 -1 -1 3 -1 0.125;...
    3 -1 -1 -1 0 -1 0.125;...
    -1 -1 4 -1 -1 -1 0.125;...
    -1 -1 -1 0 -1 -1 0.25;...
    -1 -1 -1 -1 -1 3 0.125;...
    3 -1 -1 -1 -1 3 0.25;...
    -1 -1 2 0 1 -1 0.125;...
    -1 -1 2 0 1 -1 0.75;...
    3 -1 -1 -1 -1 -1 0.125;...
    -1 -1 2 0 1 -1 0.0833333333333333;...
    -1 3 -1 -1 -1 5 0.25;...
    -1 -1 -1 -1 -1 5 0.125;...
    -1 -1 5 3 4 -1 0.125;...
    -1 -1 -1 -1 -1 3 0.125;...
    -1 3 -1 -1 -1 5 0.0625;...
    -1 -1 -1 -1 -1 5 0.25;...
    -1 -1 5 3 4 -1 0.125;...
    -1 -1 -1 -1 -1 3 0.125;...
    3 -1 -1 -1 -1 5 0.125;...
    -1 -1 -1 -1 -1 3 0.125;...
    -1 -1 5 4 5 -1 0.125;...
    -1 -1 2 1 3 -1 0.25;...
    0 -1 -1 -1 -1 -1 0.375;...
    -1 -1 -1 -1 -1 0 0.0625;...
    -1 -1 2 -1 -1 -1 0.25;...
    5 -1 -1 -1 -1 5 0.125;...
    -1 -1 -1 -1 -1 5 0.25;...
    -1 -1 5 5 5 -1 0.125;...
    -1 -1 -1 -1 8 -1 0.125;...
    5 -1 -1 -1 -1 5 0.125;...
    -1 -1 -1 -1 -1 5 0.25;...
    -1 -1 5 5 5 -1 0.125;...
    -1 -1 -1 -1 8 -1 0.125;...
    -1 5 -1 -1 -1 5 0.25;...
    -1 -1 -1 -1 -1 5 0.125;...
    -1 -1 5 5 5 5 0.0833333333333333;...
    -1 -1 -1 -1 8 5 0.25;...
    -1 -1 5 5 5 5 0.25;...
    -1 -1 -1 -1 -1 7 0.125;...
    3 -1 -1 -1 -1 3 0.125;...
    -1 -1 0 0 0 -1 0.125;...
    -1 -1 -1 -1 -1 2 0.125;...
    3 -1 -1 -1 -1 0 0.125;...
    -1 -1 -1 -1 3 -1 0.125;...
    -1 -1 0 0 0 -1 0.125;...
    -1 -1 -1 -1 -1 3 0.125;...
    3 -1 -1 -1 -1 2 0.25;...
    -1 -1 0 0 0 -1 0.125;...
    -1 -1 -1 -1 -1 0 0.125;...
    3 -1 -1 -1 3 -1 0.125;...
    -1 -1 -1 -1 0 -1 0.125;...
    -1 -1 0 0 -1 -1 0.125;...
    -1 -1 -1 -1 -1 2 0.25;...
    -1 0 -1 -1 -1 0 0.5;...
    -1 -1 -1 -1 3 -1 0.25;...
    -1 5 4 5 5 -1 0.125;...
    -1 -1 0 2 1 2 0.0625;...
    -1 3 -1 0 4 5 0.125;...
    -1 3 -1 0 4 3 0.25;...
    -1 -1 -1 -1 -1 5 0.125;...
    -1 -1 -1 -1 -1 3 0.0833333333333333;...
    -1 5 -1 0 0 7 0.25;...
];
