% ======== MATRIZ GENERADA EN FASE 2 (CUARTA ACTIVIDAD) ========
% Fuente original: songs/m and wav files/la_goualante_du_pauvre_jean.m
% Columna 7 regenerada por muestreo independiente con probabilidad global.
% Dimensión: 174 x 7
format rat;

melodia = [
    -1 -1 -1 5 -1 8 0.125;...
    -1 -1 -1 0 -1 3 0.125;...
    -1 -1 -1 2 -1 5 0.25;...
    -1 -1 -1 0 -1 3 0.125;...
    -1 -1 -1 2 -1 5 0.125;...
    -1 -1 -1 7 -1 10 0.125;...
    -1 -1 -1 -1 -1 -1 0.125;...
    3 -1 -1 -1 -1 -1 0.75;...
    -1 -1 3 4 3 -1 0.125;...
    -1 5 -1 -1 -1 -1 0.125;...
    -1 -1 3 4 3 -1 0.75;...
    3 -1 -1 -1 -1 -1 0.25;...
    -1 -1 3 4 3 -1 0.25;...
    -1 5 -1 -1 -1 -1 0.125;...
    -1 -1 3 4 3 -1 0.125;...
    3 -1 -1 -1 -1 -1 0.25;...
    -1 -1 3 4 3 -1 0.25;...
    -1 5 -1 -1 -1 -1 0.25;...
    -1 -1 3 4 3 -1 0.375;...
    3 -1 -1 -1 -1 -1 0.25;...
    -1 -1 3 4 3 -1 0.25;...
    -1 6 -1 -1 -1 -1 0.25;...
    -1 -1 5 4 4 -1 0.25;...
    -1 -1 2 -1 -1 -1 0.125;...
    -1 -1 -1 0 1 0 0.125;...
    -1 3 -1 -1 -1 -1 0.125;...
    -1 -1 -1 0 1 0 0.25;...
    -1 -1 2 -1 -1 -1 0.25;...
    -1 -1 -1 0 1 0 0.125;...
    3 -1 -1 -1 -1 -1 0.125;...
    -1 -1 3 4 4 -1 0.166666666666667;...
    -1 3 -1 -1 -1 -1 0.125;...
    -1 -1 2 0 1 0 0.25;...
    -1 2 -1 -1 -1 -1 0.125;...
    -1 -1 4 4 4 -1 0.125;...
    -1 3 -1 -1 -1 -1 0.25;...
    -1 -1 -1 0 1 0 0.125;...
    -1 2 -1 -1 -1 -1 0.125;...
    -1 3 -1 -1 -1 -1 0.125;...
    -1 4 -1 -1 -1 -1 0.25;...
    -1 -1 -1 2 5 3 0.25;...
    -1 0 -1 -1 -1 -1 0.125;...
    -1 -1 -1 0 2 0 0.5;...
    -1 -1 0 -1 -1 -1 0.125;...
    -1 -1 -1 2 3 1 0.125;...
    -1 0 -1 -1 -1 -1 0.125;...
    -1 -1 -1 2 3 1 0.25;...
    3 -1 -1 -1 -1 -1 0.125;...
    -1 -1 -1 0 0 1 0.25;...
    -1 0 -1 -1 -1 -1 0.375;...
    -1 2 -1 -1 -1 -1 0.25;...
    -1 3 -1 0 1 0 0.25;...
    -1 3 -1 -1 -1 -1 0.25;...
    -1 2 -1 -1 -1 -1 0.25;...
    -1 0 -1 -1 -1 -1 0.125;...
    3 -1 -1 -1 -1 -1 0.125;...
    -1 -1 -1 0 0 1 0.25;...
    -1 0 -1 -1 -1 -1 0.25;...
    -1 2 -1 -1 -1 -1 0.25;...
    -1 3 -1 -1 -1 -1 0.125;...
    -1 -1 -1 0 1 -1 0.125;...
    -1 -1 2 -1 -1 -1 0.125;...
    -1 -1 -1 0 1 -1 0.25;...
    -1 -1 2 -1 -1 -1 0.25;...
    -1 -1 0 0 0 3 0.25;...
    -1 -1 -1 -1 -1 1 0.125;...
    3 -1 3 2 -1 -1 0.125;...
    -1 -1 -1 -1 0 -1 0.25;...
    -1 3 -1 -1 -1 0 0.125;...
    -1 -1 2 0 1 -1 0.125;...
    -1 3 -1 -1 -1 -1 0.25;...
    -1 -1 2 0 1 -1 0.125;...
    3 -1 -1 -1 -1 -1 0.125;...
    -1 -1 3 4 3 -1 0.25;...
    -1 5 -1 -1 -1 -1 0.5;...
    -1 -1 3 4 3 -1 0.25;...
    3 -1 -1 -1 -1 -1 0.125;...
    -1 -1 3 4 3 -1 0.5;...
    -1 5 -1 -1 -1 -1 0.125;...
    -1 -1 3 4 3 -1 0.25;...
    3 -1 -1 -1 -1 -1 0.125;...
    -1 -1 3 4 3 -1 0.125;...
    -1 5 -1 -1 -1 -1 0.25;...
    -1 -1 3 4 3 -1 0.25;...
    3 -1 -1 -1 -1 -1 0.25;...
    -1 -1 3 4 3 -1 0.25;...
    -1 6 -1 -1 -1 -1 0.125;...
    -1 -1 5 4 4 -1 0.25;...
    -1 -1 2 -1 -1 -1 0.25;...
    -1 -1 -1 0 1 0 0.125;...
    -1 3 -1 -1 -1 -1 0.25;...
    -1 -1 -1 0 1 0 0.125;...
    -1 -1 2 -1 -1 -1 0.25;...
    -1 -1 -1 0 1 0 0.375;...
    3 -1 -1 -1 -1 -1 0.125;...
    -1 -1 3 4 4 -1 0.25;...
    -1 3 -1 -1 -1 -1 0.125;...
    -1 -1 2 0 1 0 0.25;...
    -1 2 -1 -1 -1 -1 0.125;...
    -1 -1 4 4 4 -1 0.25;...
    -1 3 -1 -1 -1 -1 0.125;...
    -1 -1 -1 0 1 0 0.25;...
    -1 2 -1 -1 -1 -1 0.25;...
    -1 3 -1 -1 -1 -1 0.25;...
    -1 4 -1 -1 -1 -1 0.25;...
    -1 -1 -1 2 5 3 0.25;...
    -1 0 -1 -1 -1 -1 0.125;...
    -1 -1 -1 0 2 0 0.25;...
    -1 -1 0 -1 -1 -1 0.125;...
    -1 -1 -1 2 3 1 0.125;...
    -1 0 -1 -1 -1 -1 0.25;...
    -1 -1 -1 2 3 1 0.125;...
    3 -1 -1 -1 -1 -1 0.25;...
    -1 -1 -1 0 0 1 0.375;...
    -1 0 -1 -1 -1 -1 0.125;...
    -1 2 -1 -1 -1 -1 0.125;...
    -1 3 -1 0 1 0 0.25;...
    -1 3 -1 -1 -1 -1 0.125;...
    -1 2 -1 -1 -1 -1 0.125;...
    -1 0 -1 -1 -1 -1 0.375;...
    3 -1 -1 -1 -1 -1 0.25;...
    -1 -1 -1 0 0 1 0.125;...
    -1 0 -1 -1 -1 -1 0.125;...
    -1 2 -1 -1 -1 -1 0.25;...
    -1 3 -1 -1 -1 -1 0.25;...
    -1 -1 -1 0 1 -1 0.75;...
    -1 -1 2 -1 -1 -1 0.375;...
    -1 -1 -1 0 1 -1 0.25;...
    -1 -1 2 -1 -1 -1 0.125;...
    -1 -1 0 0 0 3 0.25;...
    -1 -1 -1 -1 -1 1 0.25;...
    3 -1 3 2 -1 -1 0.25;...
    -1 -1 -1 -1 0 -1 0.125;...
    -1 3 -1 -1 -1 0 0.75;...
    -1 -1 2 0 1 -1 0.125;...
    -1 3 -1 -1 -1 -1 0.375;...
    -1 -1 2 0 1 -1 0.125;...
    3 -1 -1 -1 -1 -1 0.125;...
    -1 -1 3 4 3 -1 0.75;...
    -1 5 -1 -1 -1 -1 0.25;...
    -1 -1 3 4 3 -1 0.25;...
    3 -1 -1 -1 -1 -1 0.125;...
    -1 -1 3 4 3 -1 0.125;...
    -1 5 -1 -1 -1 -1 0.125;...
    -1 -1 3 4 3 -1 0.125;...
    3 -1 -1 -1 -1 -1 0.125;...
    -1 -1 3 4 3 -1 0.25;...
    -1 5 -1 -1 -1 -1 0.125;...
    -1 -1 3 4 3 -1 0.125;...
    3 -1 -1 -1 -1 -1 0.25;...
    -1 -1 3 4 3 -1 0.125;...
    -1 5 -1 -1 -1 -1 0.25;...
    -1 -1 3 4 3 -1 0.125;...
    3 -1 -1 -1 -1 -1 0.125;...
    -1 -1 3 4 3 -1 0.125;...
    -1 5 -1 -1 -1 -1 0.25;...
    -1 -1 3 4 3 -1 0.125;...
    3 -1 -1 -1 -1 -1 0.125;...
    -1 -1 3 4 3 -1 0.25;...
    -1 5 -1 -1 -1 -1 0.25;...
    -1 -1 3 4 3 -1 0.25;...
    3 -1 -1 -1 -1 -1 0.25;...
    -1 -1 3 4 3 -1 0.25;...
    -1 5 -1 -1 -1 -1 0.25;...
    -1 -1 3 4 3 -1 0.125;...
    -1 3 2 0 1 -1 0.25;...
    -1 -1 -1 0 -1 3 0.0833333333333333;...
    -1 -1 -1 2 -1 5 0.375;...
    -1 -1 -1 0 -1 3 0.5;...
    -1 -1 -1 2 -1 5 0.25;...
    -1 -1 -1 5 -1 8 0.375;...
    -1 3 2 0 1 -1 0.25;...
    -1 3 2 0 1 -1 0.125;...
    -1 -1 -1 -1 -1 -1 0.25;...
];
