% ======== MATRIZ GENERADA EN FASE 5 (SÉPTIMA ACTIVIDAD) ========
% Generador aleatorio de melodías por dependencia estadística (Markov de estados completos).
% Corpus base: la_foule + la_goualante_du_pauvre_jean + la_vie_en_rose_by_edith_piaf
% Dimensión: 200 x 7
format rat;

nueva_cancion = [
    -1 -1 -1 -1 0 -1 0.25;...
    -1 -1 -1 -1 1 -1 0.25;...
    -1 -1 -1 -1 2 -1 0.25;...
    -1 -1 -1 -1 3 -1 0.25;...
    -1 -1 -1 -1 4 -1 0.25;...
    -1 -1 -1 -1 -1 0 0.5;...
    -1 -1 -1 -1 -1 2 0.25;...
    -1 -1 -1 -1 -1 3 0.25;...
    -1 -1 -1 -1 -1 0 0.25;...
    -1 -1 -1 -1 -1 2 0.25;...
    -1 -1 -1 -1 -1 0 0.25;...
    -1 -1 -1 -1 3 -1 0.25;...
    -1 -1 -1 -1 3 -1 0.25;...
    -1 -1 -1 -1 3 -1 0.25;...
    -1 5 4 5 5 -1 0.25;...
    -1 -1 0 2 1 2 0.25;...
    -1 3 -1 0 4 5 0.5;...
    -1 3 -1 0 4 3 0.166666666666667;...
    -1 -1 -1 -1 -1 5 0.166666666666667;...
    -1 -1 -1 -1 -1 3 0.166666666666667;...
    -1 5 -1 0 0 7 1;...
    -1 5 -1 0 0 7 1;...
    -1 5 -1 0 0 7 1;...
    -1 5 -1 0 0 7 1;...
    -1 5 -1 0 0 7 1;...
    -1 5 -1 0 0 7 1;...
    -1 5 -1 0 0 7 1;...
    -1 5 -1 0 0 7 1;...
    -1 5 -1 0 0 7 1;...
    -1 5 -1 0 0 7 1;...
    -1 5 -1 0 0 7 1;...
    -1 5 -1 0 0 7 1;...
    -1 5 -1 0 0 7 1;...
    -1 5 -1 0 0 7 1;...
    -1 5 -1 0 0 7 1;...
    -1 5 -1 0 0 7 1;...
    -1 5 -1 0 0 7 1;...
    -1 5 -1 0 0 7 1;...
    -1 5 -1 0 0 7 1;...
    -1 5 -1 0 0 7 1;...
    -1 5 -1 0 0 7 1;...
    -1 5 -1 0 0 7 1;...
    -1 5 -1 0 0 7 1;...
    -1 5 -1 0 0 7 1;...
    -1 5 -1 0 0 7 1;...
    -1 5 -1 0 0 7 1;...
    -1 5 -1 0 0 7 1;...
    -1 5 -1 0 0 7 1;...
    -1 5 -1 0 0 7 1;...
    -1 5 -1 0 0 7 1;...
    -1 5 -1 0 0 7 1;...
    -1 5 -1 0 0 7 1;...
    -1 5 -1 0 0 7 1;...
    -1 5 -1 0 0 7 1;...
    -1 5 -1 0 0 7 1;...
    -1 5 -1 0 0 7 1;...
    -1 5 -1 0 0 7 1;...
    -1 5 -1 0 0 7 1;...
    -1 5 -1 0 0 7 1;...
    -1 5 -1 0 0 7 1;...
    -1 5 -1 0 0 7 1;...
    -1 5 -1 0 0 7 1;...
    -1 5 -1 0 0 7 1;...
    -1 5 -1 0 0 7 1;...
    -1 5 -1 0 0 7 1;...
    -1 5 -1 0 0 7 1;...
    -1 5 -1 0 0 7 1;...
    -1 5 -1 0 0 7 1;...
    -1 5 -1 0 0 7 1;...
    -1 5 -1 0 0 7 1;...
    -1 5 -1 0 0 7 1;...
    -1 5 -1 0 0 7 1;...
    -1 5 -1 0 0 7 1;...
    -1 5 -1 0 0 7 1;...
    -1 5 -1 0 0 7 1;...
    -1 5 -1 0 0 7 1;...
    -1 5 -1 0 0 7 1;...
    -1 5 -1 0 0 7 1;...
    -1 5 -1 0 0 7 1;...
    -1 5 -1 0 0 7 1;...
    -1 5 -1 0 0 7 1;...
    -1 5 -1 0 0 7 1;...
    -1 5 -1 0 0 7 1;...
    -1 5 -1 0 0 7 1;...
    -1 5 -1 0 0 7 1;...
    -1 5 -1 0 0 7 1;...
    -1 5 -1 0 0 7 1;...
    -1 5 -1 0 0 7 1;...
    -1 5 -1 0 0 7 1;...
    -1 5 -1 0 0 7 1;...
    -1 5 -1 0 0 7 1;...
    -1 5 -1 0 0 7 1;...
    -1 5 -1 0 0 7 1;...
    -1 5 -1 0 0 7 1;...
    -1 5 -1 0 0 7 1;...
    -1 5 -1 0 0 7 1;...
    -1 5 -1 0 0 7 1;...
    -1 5 -1 0 0 7 1;...
    -1 5 -1 0 0 7 1;...
    -1 5 -1 0 0 7 1;...
    -1 5 -1 0 0 7 1;...
    -1 5 -1 0 0 7 1;...
    -1 5 -1 0 0 7 1;...
    -1 5 -1 0 0 7 1;...
    -1 5 -1 0 0 7 1;...
    -1 5 -1 0 0 7 1;...
    -1 5 -1 0 0 7 1;...
    -1 5 -1 0 0 7 1;...
    -1 5 -1 0 0 7 1;...
    -1 5 -1 0 0 7 1;...
    -1 5 -1 0 0 7 1;...
    -1 5 -1 0 0 7 1;...
    -1 5 -1 0 0 7 1;...
    -1 5 -1 0 0 7 1;...
    -1 5 -1 0 0 7 1;...
    -1 5 -1 0 0 7 1;...
    -1 5 -1 0 0 7 1;...
    -1 5 -1 0 0 7 1;...
    -1 5 -1 0 0 7 1;...
    -1 5 -1 0 0 7 1;...
    -1 5 -1 0 0 7 1;...
    -1 5 -1 0 0 7 1;...
    -1 5 -1 0 0 7 1;...
    -1 5 -1 0 0 7 1;...
    -1 5 -1 0 0 7 1;...
    -1 5 -1 0 0 7 1;...
    -1 5 -1 0 0 7 1;...
    -1 5 -1 0 0 7 1;...
    -1 5 -1 0 0 7 1;...
    -1 5 -1 0 0 7 1;...
    -1 5 -1 0 0 7 1;...
    -1 5 -1 0 0 7 1;...
    -1 5 -1 0 0 7 1;...
    -1 5 -1 0 0 7 1;...
    -1 5 -1 0 0 7 1;...
    -1 5 -1 0 0 7 1;...
    -1 5 -1 0 0 7 1;...
    -1 5 -1 0 0 7 1;...
    -1 5 -1 0 0 7 1;...
    -1 5 -1 0 0 7 1;...
    -1 5 -1 0 0 7 1;...
    -1 5 -1 0 0 7 1;...
    -1 5 -1 0 0 7 1;...
    -1 5 -1 0 0 7 1;...
    -1 5 -1 0 0 7 1;...
    -1 5 -1 0 0 7 1;...
    -1 5 -1 0 0 7 1;...
    -1 5 -1 0 0 7 1;...
    -1 5 -1 0 0 7 1;...
    -1 5 -1 0 0 7 1;...
    -1 5 -1 0 0 7 1;...
    -1 5 -1 0 0 7 1;...
    -1 5 -1 0 0 7 1;...
    -1 5 -1 0 0 7 1;...
    -1 5 -1 0 0 7 1;...
    -1 5 -1 0 0 7 1;...
    -1 5 -1 0 0 7 1;...
    -1 5 -1 0 0 7 1;...
    -1 5 -1 0 0 7 1;...
    -1 5 -1 0 0 7 1;...
    -1 5 -1 0 0 7 1;...
    -1 5 -1 0 0 7 1;...
    -1 5 -1 0 0 7 1;...
    -1 5 -1 0 0 7 1;...
    -1 5 -1 0 0 7 1;...
    -1 5 -1 0 0 7 1;...
    -1 5 -1 0 0 7 1;...
    -1 5 -1 0 0 7 1;...
    -1 5 -1 0 0 7 1;...
    -1 5 -1 0 0 7 1;...
    -1 5 -1 0 0 7 1;...
    -1 5 -1 0 0 7 1;...
    -1 5 -1 0 0 7 1;...
    -1 5 -1 0 0 7 1;...
    -1 5 -1 0 0 7 1;...
    -1 5 -1 0 0 7 1;...
    -1 5 -1 0 0 7 1;...
    -1 5 -1 0 0 7 1;...
    -1 5 -1 0 0 7 1;...
    -1 5 -1 0 0 7 1;...
    -1 5 -1 0 0 7 1;...
    -1 5 -1 0 0 7 1;...
    -1 5 -1 0 0 7 1;...
    -1 5 -1 0 0 7 1;...
    -1 5 -1 0 0 7 1;...
    -1 5 -1 0 0 7 1;...
    -1 5 -1 0 0 7 1;...
    -1 5 -1 0 0 7 1;...
    -1 5 -1 0 0 7 1;...
    -1 5 -1 0 0 7 1;...
    -1 5 -1 0 0 7 1;...
    -1 5 -1 0 0 7 1;...
    -1 5 -1 0 0 7 1;...
    -1 5 -1 0 0 7 1;...
    -1 5 -1 0 0 7 1;...
    -1 5 -1 0 0 7 1;...
    -1 5 -1 0 0 7 1;...
    -1 5 -1 0 0 7 1;...
    -1 5 -1 0 0 7 1;...
    -1 5 -1 0 0 7 1;...
];
melodia = nueva_cancion;
