% ======== MATRIZ GENERADA EN FASE 5 (SÉPTIMA ACTIVIDAD) ========
% Generador aleatorio de melodías por dependencia estadística (Markov de estados completos).
% Corpus base: la_foule + la_goualante_du_pauvre_jean + la_vie_en_rose_by_edith_piaf
% Dimensión: 200 x 7
format rat;

nueva_cancion = [
    -1 -1 -1 -1 -1 -1 0.5;...
    -1 -1 -1 -1 -1 -1 0.25;...
    -1 -1 -1 3 -1 -1 0.125;...
    4 -1 -1 -1 -1 -1 0.125;...
    5 -1 -1 -1 -1 -1 0.125;...
    -1 3 -1 1 -1 -1 0.125;...
    -1 -1 5 1 -1 -1 0.125;...
    -1 -1 -1 -1 1 -1 0.125;...
    -1 -1 -1 -1 4 -1 0.125;...
    -1 -1 -1 3 -1 -1 0.125;...
    2 -1 -1 1 -1 -1 0.125;...
    4 -1 -1 -1 -1 -1 0.125;...
    5 -1 -1 -1 -1 -1 0.125;...
    -1 3 -1 1 -1 -1 0.125;...
    -1 -1 5 1 -1 -1 0.125;...
    -1 -1 -1 -1 1 -1 0.125;...
    -1 -1 -1 -1 4 -1 0.125;...
    -1 -1 -1 -1 6 -1 0.125;...
    -1 3 -1 -1 4 -1 0.125;...
    -1 -1 5 -1 -1 -1 0.125;...
    -1 -1 -1 -1 4 -1 0.125;...
    -1 -1 -1 -1 -1 3 0.125;...
    3 -1 -1 -1 -1 2 0.25;...
    -1 -1 0 0 0 -1 0.125;...
    -1 -1 -1 -1 3 -1 0.125;...
    -1 -1 1 1 1 -1 0.125;...
    0 -1 -1 -1 -1 -1 0.125;...
    -1 -1 -1 -1 -1 4 0.125;...
    0 -1 -1 -1 -1 -1 0.125;...
    -1 -1 3 -1 0 -1 0.125;...
    0 -1 -1 -1 -1 -1 0.125;...
    -1 -1 3 -1 0 -1 0.125;...
    0 -1 -1 -1 -1 -1 0.125;...
    -1 -1 -1 -1 3 -1 0.125;...
    -1 -1 0 0 0 -1 0.125;...
    -1 -1 -1 -1 -1 3 0.125;...
    -1 1 -1 1 1 1 0.125;...
    -1 -1 1 -1 -1 -1 0.125;...
    -1 1 0 3 -1 -1 0.125;...
    -1 -1 -1 1 -1 -1 0.125;...
    -1 -1 -1 -1 1 -1 0.125;...
    -1 1 -1 1 0 -1 0.125;...
    -1 -1 0 -1 -1 -1 0.125;...
    -1 4 -1 -1 4 -1 0.125;...
    -1 3 -1 -1 -1 4 0.125;...
    -1 -1 2 -1 -1 -1 0.125;...
    -1 -1 -1 3 2 -1 0.125;...
    -1 -1 -1 -1 -1 3 0.125;...
    -1 -1 -1 -1 -1 4 0.125;...
    0 -1 -1 -1 -1 3 0.125;...
    -1 5 -1 -1 -1 -1 0.125;...
    -1 -1 3 -1 -1 -1 0.125;...
    -1 -1 6 -1 -1 -1 0.125;...
    -1 -1 -1 5 -1 -1 0.125;...
    -1 -1 -1 5 -1 -1 0.125;...
    -1 -1 -1 -1 4 -1 0.125;...
    -1 -1 -1 -1 4 -1 0.125;...
    -1 -1 -1 7 4 -1 0.125;...
    -1 -1 -1 6 4 -1 0.125;...
    5 -1 -1 5 6 -1 0.125;...
    -1 -1 -1 -1 6 -1 0.125;...
    4 -1 -1 4 3 -1 0.125;...
    -1 -1 -1 -1 3 -1 0.125;...
    -1 3 3 3 4 -1 0.125;...
    -1 -1 -1 -1 4 -1 0.125;...
    -1 -1 -1 -1 -1 3 0.125;...
    -1 -1 -1 -1 4 -1 0.125;...
    -1 -1 -1 5 -1 -1 0.125;...
    -1 -1 -1 5 -1 -1 0.125;...
    4 -1 3 4 3 -1 0.125;...
    -1 -1 -1 -1 3 -1 0.125;...
    -1 -1 1 1 1 -1 0.125;...
    -1 -1 1 -1 -1 -1 0.125;...
    -1 -1 -1 1 -1 -1 0.125;...
    -1 -1 1 0 -1 -1 0.125;...
    -1 1 -1 -1 -1 -1 0.125;...
    0 -1 -1 -1 -1 -1 0.125;...
    -1 -1 -1 -1 3 -1 0.125;...
    -1 3 3 3 4 -1 0.125;...
    -1 -1 -1 -1 4 -1 0.125;...
    -1 2 -1 -1 -1 -1 0.125;...
    -1 -1 1 2 -1 1 0.5;...
    -1 1 0 1 0 3 0.5;...
    1 -1 -1 1 4 -1 0.25;...
    1 -1 -1 -1 -1 -1 0.25;...
    1 -1 -1 -1 -1 -1 0.25;...
    1 -1 -1 -1 -1 -1 0.25;...
    -1 -1 -1 -1 -1 14 0.125;...
    -1 -1 -1 -1 -1 12 0.125;...
    -1 -1 -1 -1 16 -1 0.125;...
    -1 -1 -1 -1 -1 16 0.125;...
    -1 -1 -1 -1 -1 19 0.125;...
    -1 -1 -1 -1 -1 23 0.125;...
    -1 -1 -1 -1 -1 10 0.0625;...
    -1 -1 -1 -1 -1 11 0.0625;...
    -1 -1 -1 -1 -1 8 0.0625;...
    -1 -1 -1 -1 8 -1 0.0625;...
    -1 -1 -1 10 -1 -1 0.0625;...
    -1 -1 -1 -1 11 -1 0.0625;...
    -1 -1 -1 -1 8 -1 0.0625;...
    -1 -1 -1 8 -1 -1 0.0625;...
    0 -1 -1 -1 -1 -1 0.0625;...
    -1 -1 6 6 7 7 0.0625;...
    -1 -1 5 5 6 6 0.0625;...
    0 -1 -1 -1 -1 -1 0.0625;...
    -1 7 6 6 7 -1 0.0625;...
    -1 6 5 5 6 -1 0.0625;...
    0 -1 -1 -1 -1 -1 0.0625;...
    -1 7 6 6 7 -1 0.0625;...
    -1 6 5 5 6 -1 0.0625;...
    0 -1 -1 -1 -1 -1 0.0625;...
    -1 -1 6 6 7 7 0.0625;...
    -1 -1 5 6 6 6 0.0625;...
    0 -1 -1 -1 -1 -1 0.0625;...
    0 7 6 6 7 -1 0.0625;...
    -1 6 5 5 6 -1 0.0625;...
    0 -1 -1 -1 -1 -1 0.0625;...
    -1 -1 6 6 7 7 0.0625;...
    -1 -1 5 5 6 6 0.0625;...
    0 -1 -1 -1 -1 -1 0.0625;...
    -1 7 6 6 7 -1 0.0625;...
    -1 6 5 5 6 -1 0.0625;...
    0 -1 -1 -1 -1 -1 0.0625;...
    0 7 6 6 7 -1 0.0625;...
    -1 6 5 5 6 -1 0.0625;...
    0 -1 -1 -1 -1 -1 0.0625;...
    -1 -1 6 6 7 7 0.0625;...
    -1 -1 5 5 6 6 0.0625;...
    0 -1 -1 -1 -1 -1 0.0625;...
    -1 -1 6 6 7 7 0.0625;...
    -1 -1 5 6 6 6 0.0625;...
    0 -1 -1 -1 -1 -1 0.0625;...
    -1 7 6 6 7 -1 0.0625;...
    -1 6 5 5 6 -1 0.0625;...
    0 -1 -1 -1 -1 -1 0.0625;...
    -1 6 -1 -1 -1 -1 0.0625;...
    -1 -1 5 -1 -1 -1 0.0625;...
    -1 -1 -1 5 -1 -1 0.0625;...
    -1 -1 3 -1 -1 -1 0.0625;...
    -1 -1 -1 5 4 -1 0.0625;...
    5 -1 -1 -1 -1 -1 0.0625;...
    -1 -1 -1 5 6 -1 0.125;...
    -1 -1 -1 -1 6 -1 0.125;...
    -1 3 -1 -1 4 -1 0.125;...
    -1 -1 5 -1 -1 -1 0.125;...
    -1 -1 -1 -1 4 -1 0.125;...
    -1 -1 -1 -1 4 -1 0.125;...
    -1 -1 -1 5 -1 -1 0.0833333333333333;...
    -1 -1 -1 4 -1 -1 0.0833333333333333;...
    -1 -1 -1 3 -1 -1 0.0833333333333333;...
    2 -1 -1 1 -1 -1 0.125;...
    4 -1 -1 -1 -1 -1 0.125;...
    5 -1 -1 -1 -1 -1 0.125;...
    -1 3 -1 1 -1 -1 0.125;...
    -1 -1 5 1 -1 -1 0.125;...
    -1 -1 -1 -1 1 -1 0.125;...
    -1 1 -1 1 0 -1 0.125;...
    -1 -1 0 -1 -1 -1 0.125;...
    -1 -1 -1 -1 -1 3 0.125;...
    2 -1 -1 -1 4 4 0.125;...
    -1 -1 -1 -1 -1 4 0.125;...
    0 -1 -1 -1 -1 -1 0.125;...
    0 -1 -1 -1 -1 -1 0.125;...
    -1 -1 -1 -1 -1 4 0.125;...
    0 -1 -1 -1 -1 3 0.125;...
    -1 5 -1 -1 -1 -1 0.125;...
    -1 -1 3 -1 -1 -1 0.125;...
    -1 -1 6 -1 -1 -1 0.125;...
    -1 -1 -1 5 -1 -1 0.125;...
    -1 -1 -1 5 -1 -1 0.125;...
    -1 -1 -1 5 -1 -1 0.125;...
    -1 -1 -1 5 -1 -1 0.125;...
    -1 -1 -1 -1 4 -1 0.125;...
    -1 -1 -1 -1 16 -1 0.25;...
    -1 -1 -1 3 -1 -1 0.125;...
    -1 -1 5 4 4 -1 0.125;...
    0 -1 -1 -1 -1 -1 0.125;...
    -1 -1 -1 0 -1 -1 0.125;...
    4 -1 -1 0 -1 -1 0.125;...
    -1 -1 -1 -1 0 -1 0.125;...
    -1 -1 -1 -1 3 -1 0.125;...
    -1 3 -1 7 4 -1 0.125;...
    -1 -1 -1 5 -1 -1 0.0625;...
    -1 -1 -1 -1 6 -1 0.0625;...
    -1 -1 -1 -1 -1 6 0.0625;...
    0 6 5 5 6 6 1;...
    0 6 5 5 6 6 1;...
    0 6 5 5 6 6 1;...
    0 6 5 5 6 6 1;...
    0 6 5 5 6 6 1;...
    0 6 5 5 6 6 1;...
    0 6 5 5 6 6 1;...
    0 6 5 5 6 6 1;...
    0 6 5 5 6 6 1;...
    0 6 5 5 6 6 1;...
    0 6 5 5 6 6 1;...
    0 6 5 5 6 6 1;...
    0 6 5 5 6 6 1;...
    0 6 5 5 6 6 1;...
    0 6 5 5 6 6 1;...
];
melodia = nueva_cancion;
