%% Matriz extraída de: la-foule.mid
%% Pista: Acoustic Guitar
format rat;

    melodia = [
    % Compas 1
    -1 -1 -1 -1 0 -1 1/4;...
    -1 -1 -1 -1 1 -1 1/4;...
    -1 -1 -1 -1 2 -1 1/4;...
    % Compas 2
    -1 -1 -1 -1 3 -1 1/4;...
    -1 -1 -1 -1 4 -1 1/4;...
    -1 -1 -1 -1 -1 0 1/4;...
    % Compas 3
    -1 -1 -1 -1 -1 0 1/8;...
    -1 -1 -1 -1 -1 0 1/4;...
    -1 -1 -1 -1 -1 2 1/8;...
    -1 -1 -1 -1 -1 2 1/4;...
    % Compas 4
    -1 -1 -1 -1 -1 0 1/8;...
    -1 -1 -1 -1 -1 0 1/4;...
    -1 -1 -1 -1 -1 2 1/8;...
    -1 -1 -1 -1 -1 2 1/4;...
    % Compas 5
    -1 -1 -1 -1 -1 0 1/8;...
    -1 -1 -1 -1 -1 0 1/4;...
    -1 -1 -1 -1 -1 2 1/8;...
    -1 -1 -1 -1 -1 2 1/4;...
    % Compas 6
    -1 -1 -1 -1 -1 0 1/8;...
    -1 -1 -1 -1 -1 0 1/4;...
    -1 -1 -1 -1 -1 2 1/8;...
    -1 -1 -1 -1 -1 2 1/4;...
    % Compas 7
    -1 -1 -1 -1 4 -1 1/8;...
    -1 -1 -1 -1 4 -1 1/4;...
    -1 -1 -1 -1 -1 2 1/8;...
    -1 -1 -1 -1 -1 2 1/4;...
    % Compas 8
    -1 -1 -1 -1 4 -1 1/8;...
    -1 -1 -1 -1 4 -1 1/4;...
    -1 -1 -1 -1 -1 2 1/8;...
    -1 -1 -1 -1 -1 2 1/4;...
    % Compas 9
    -1 -1 -1 -1 -1 0 1/4;...
    -1 -1 -1 -1 0 -1 1/4;...
    -1 -1 -1 -1 1 -1 1/4;...
    % Compas 10
    -1 -1 -1 -1 2 -1 1/4;...
    -1 -1 -1 -1 3 -1 1/4;...
    -1 -1 -1 -1 4 -1 1/4;...
    % Compas 11
    -1 -1 -1 -1 -1 0 1/2;...
    -1 -1 -1 -1 -1 2 1/4;...
    % Compas 12
    -1 -1 -1 -1 -1 0 3/8;...
    -1 -1 -1 -1 -1 2 3/8;...
    % Compas 13
    -1 -1 -1 -1 -1 3 3/8;...
    -1 -1 -1 -1 -1 2 3/8;...
    % Compas 14
    -1 -1 -1 -1 -1 0 3/8;...
    -1 -1 -1 -1 -1 2 3/8;...
    % Compas 15
    -1 -1 -1 -1 4 -1 3/8;...
    -1 -1 -1 -1 -1 2 3/8;...
    % Compas 16
    -1 -1 -1 -1 4 -1 3/8;...
    -1 -1 -1 -1 -1 2 3/8;...
    % Compas 17
    -1 -1 -1 -1 -1 0 3/4;...
    % Compas 18
    -1 -1 -1 -1 -1 -1 1/4;...
    -1 -1 -1 2 -1 -1 1/4;...
    -1 -1 -1 -1 0 -1 1/4;...
    % Compas 19
    -1 -1 -1 -1 -1 0 1/4;...
    -1 -1 -1 -1 -1 0 1/4;...
    -1 -1 -1 -1 -1 2 1/4;...
    % Compas 20
    -1 -1 -1 -1 -1 3 1/4;...
    -1 -1 -1 -1 -1 0 1/2;...
    % Compas 21
    -1 -1 -1 -1 1 -1 3/4;...
    % Compas 22
    -1 -1 -1 -1 -1 -1 1/4;...
    -1 -1 -1 -1 -1 0 1/4;...
    -1 -1 -1 -1 -1 2 1/4;...
    % Compas 23
    -1 -1 -1 -1 -1 5 1/4;...
    -1 -1 -1 -1 -1 3 1/4;...
    -1 -1 -1 -1 -1 2 1/4;...
    % Compas 24
    -1 -1 -1 -1 -1 5 1/4;...
    -1 -1 -1 -1 3 -1 1/4;...
    -1 -1 -1 -1 3 -1 1/4;...
    % Compas 25
    -1 -1 -1 -1 4 -1 1/4;...
    -1 -1 -1 -1 3 -1 1/4;...
    -1 -1 -1 -1 1 -1 1/4;...
    % Compas 26
    -1 -1 -1 -1 0 -1 1/4;...
    -1 -1 -1 2 -1 -1 1/4;...
    -1 -1 -1 -1 1 -1 1/4;...
    % Compas 27
    -1 -1 -1 -1 3 -1 1/8;...
    -1 -1 -1 -1 4 -1 1/8;...
    -1 -1 -1 -1 4 -1 1/8;...
    -1 -1 -1 -1 -1 0 1/8;...
    -1 -1 -1 -1 -1 2 1/4;...
    % Compas 28
    -1 -1 -1 -1 -1 0 1/8;...
    -1 -1 -1 -1 -1 0 1/8;...
    -1 -1 -1 -1 -1 0 1/4;...
    -1 -1 -1 -1 4 -1 1/8;...
    -1 -1 -1 -1 -1 0 1/8;...
    % Compas 29
    -1 -1 -1 -1 -1 2 1/4;...
    -1 -1 -1 -1 -1 0 1/4;...
    -1 -1 -1 -1 -1 0 1/4;...
    % Compas 30
    -1 -1 -1 -1 -1 0 1/2;...
    -1 -1 -1 -1 0 -1 1/8;...
    -1 -1 -1 -1 1 -1 1/8;...
    % Compas 31
    -1 -1 -1 -1 1 -1 1/4;...
    -1 -1 -1 -1 1 -1 1/4;...
    -1 -1 -1 -1 1 -1 1/4;...
    % Compas 32
    -1 -1 -1 -1 3 -1 1/4;...
    -1 -1 -1 -1 -1 0 1/4;...
    -1 -1 -1 -1 -1 2 1/4;...
    % Compas 33
    -1 -1 -1 -1 -1 0 3/4;...
    % Compas 34
    -1 -1 -1 -1 0 -1 1/4;...
    -1 -1 -1 2 -1 -1 1/8;...
    -1 -1 -1 -1 0 -1 1/8;...
    -1 -1 -1 -1 0 -1 1/8;...
    -1 -1 -1 -1 -1 0 1/8;...
    % Compas 35
    -1 -1 -1 -1 -1 0 1/4;...
    -1 -1 -1 -1 0 -1 1/8;...
    -1 -1 -1 -1 -1 0 1/8;...
    -1 -1 -1 -1 -1 0 1/8;...
    -1 -1 -1 -1 -1 0 1/8;...
    % Compas 36
    -1 -1 -1 -1 -1 0 1/8;...
    -1 -1 -1 -1 -1 3 1/8;...
    -1 -1 -1 -1 -1 3 1/8;...
    -1 -1 -1 -1 -1 2 1/8;...
    -1 -1 -1 -1 -1 0 1/8;...
    -1 -1 -1 -1 4 -1 1/8;...
    % Compas 37
    -1 -1 -1 -1 -1 0 1/4;...
    -1 -1 -1 -1 -1 0 1/8;...
    -1 -1 -1 -1 2 -1 1/8;...
    -1 -1 -1 -1 1 -1 1/8;...
    -1 -1 -1 -1 0 -1 1/8;...
    % Compas 38
    -1 -1 -1 2 -1 -1 1/4;...
    -1 -1 -1 -1 -1 0 1/4;...
    -1 -1 -1 -1 -1 2 1/4;...
    % Compas 39
    -1 -1 -1 -1 -1 5 1/8;...
    -1 -1 -1 -1 -1 3 1/8;...
    -1 -1 -1 -1 -1 3 1/8;...
    -1 -1 -1 -1 -1 3 1/8;...
    -1 -1 -1 -1 -1 2 1/4;...
    % Compas 40
    -1 -1 -1 -1 -1 5 1/8;...
    -1 -1 -1 -1 3 -1 1/8;...
    -1 -1 -1 -1 3 -1 1/8;...
    -1 -1 -1 -1 1 -1 1/8;...
    -1 -1 -1 -1 3 -1 1/4;...
    % Compas 41
    -1 -1 -1 -1 3 -1 3/4;...
    % Compas 42
    -1 -1 -1 -1 -1 -1 1/2;...
    -1 -1 -1 -1 0 -1 1/4;...
    % Compas 43
    -1 -1 -1 -1 3 -1 1/8;...
    -1 -1 -1 -1 0 -1 1/8;...
    -1 -1 -1 -1 0 -1 1/8;...
    -1 -1 -1 -1 3 -1 1/8;...
    -1 -1 -1 -1 3 -1 1/8;...
    -1 -1 -1 -1 4 -1 1/8;...
    % Compas 44
    -1 -1 -1 -1 4 -1 1/8;...
    -1 -1 -1 -1 -1 2 1/8;...
    -1 -1 -1 -1 -1 2 1/8;...
    -1 -1 -1 -1 -1 0 1/8;...
    -1 -1 -1 -1 -1 0 1/8;...
    -1 -1 -1 -1 4 -1 1/8;...
    % Compas 45
    -1 -1 -1 -1 -1 0 3/4;...
    % Compas 46
    -1 -1 -1 -1 -1 -1 1/2;...
    -1 -1 -1 -1 -1 0 1/4;...
    % Compas 47
    -1 -1 -1 -1 1 -1 1/4;...
    -1 -1 -1 -1 1 -1 1/4;...
    -1 -1 -1 -1 3 -1 1/8;...
    -1 -1 -1 -1 1 -1 1/8;...
    % Compas 48
    -1 -1 -1 -1 0 -1 1/4;...
    -1 -1 -1 -1 4 -1 1/4;...
    -1 -1 -1 -1 4 -1 1/8;...
    -1 -1 -1 -1 3 -1 1/8;...
    % Compas 49
    -1 -1 -1 -1 -1 0 3/4;...
    % Compas 50
    -1 -1 -1 -1 -1 0 3/4;...
    % Compas 51
    -1 -1 -1 -1 -1 0 3/4;...
    % Compas 52
    -1 -1 -1 -1 -1 0 3/4;...
    % Compas 53
    -1 -1 -1 -1 -1 0 3/4;...
    % Compas 54
    -1 -1 -1 -1 -1 0 3/4;...
    % Compas 55
    -1 -1 -1 -1 -1 3 1/8;...
    -1 -1 -1 -1 -1 3 1/8;...
    -1 -1 -1 -1 -1 0 1/8;...
    -1 -1 -1 -1 4 -1 1/8;...
    -1 -1 -1 -1 3 -1 1/8;...
    -1 -1 -1 -1 4 -1 1/8;...
    % Compas 56
    -1 -1 -1 -1 -1 3 1/8;...
    -1 -1 -1 -1 -1 0 1/8;...
    -1 -1 -1 -1 -1 0 1/8;...
    -1 -1 -1 -1 4 -1 1/8;...
    -1 -1 -1 -1 3 -1 1/8;...
    -1 -1 -1 -1 4 -1 1/8;...
    % Compas 57
    -1 -1 -1 -1 -1 3 1/8;...
    -1 -1 -1 -1 -1 2 1/8;...
    -1 -1 -1 -1 -1 1 1/8;...
    -1 -1 -1 -1 -1 0 1/8;...
    -1 -1 -1 -1 3 -1 1/8;...
    -1 -1 -1 -1 -1 0 1/8;...
    % Compas 58
    -1 -1 -1 -1 -1 2 1/8;...
    -1 -1 -1 -1 -1 1 1/8;...
    -1 -1 -1 -1 -1 0 1/8;...
    -1 -1 -1 -1 -1 0 1/8;...
    -1 -1 -1 -1 1 -1 1/8;...
    -1 -1 -1 -1 0 -1 1/8;...
    % Compas 59
    -1 -1 -1 -1 0 -1 1/4;...
    -1 -1 -1 -1 -1 -1 1/2;...
    % Compas 60
    -1 -1 -1 -1 -1 -1 1/8;...
    -1 -1 -1 -1 0 -1 1/8;...
    -1 -1 -1 -1 1 -1 1/8;...
    -1 -1 -1 -1 0 -1 1/8;...
    -1 -1 -1 -1 0 -1 1/8;...
    -1 -1 -1 -1 0 -1 1/8;...
    % Compas 61
    -1 -1 -1 -1 0 -1 1/8;...
    -1 -1 -1 -1 4 -1 1/8;...
    -1 -1 -1 -1 4 -1 1/8;...
    -1 -1 -1 -1 4 -1 1/8;...
    -1 -1 -1 -1 4 -1 1/8;...
    -1 -1 -1 -1 4 -1 1/8;...
    % Compas 62
    -1 -1 -1 -1 -1 -1 1/8;...
    -1 -1 -1 -1 -1 2 1/8;...
    -1 -1 -1 -1 -1 0 1/8;...
    -1 -1 -1 -1 4 -1 1/8;...
    -1 -1 -1 -1 4 -1 1/8;...
    -1 -1 -1 -1 4 -1 1/8;...
    % Compas 63
    -1 -1 -1 -1 -1 0 1/8;...
    -1 -1 -1 -1 -1 2 1/8;...
    -1 -1 -1 -1 -1 0 1/8;...
    -1 -1 -1 -1 -1 0 1/8;...
    -1 -1 -1 -1 -1 0 1/8;...
    -1 -1 -1 -1 -1 0 1/8;...
    % Compas 64
    -1 -1 -1 -1 -1 -1 1/8;...
    -1 -1 -1 -1 -1 0 1/8;...
    -1 -1 -1 -1 -1 0 1/8;...
    -1 -1 -1 -1 -1 0 1/8;...
    -1 -1 -1 -1 -1 0 1/8;...
    -1 -1 -1 -1 -1 0 1/8;...
    % Compas 65
    -1 -1 -1 -1 -1 0 1/4;...
    -1 -1 -1 -1 -1 0 1/8;...
    -1 -1 -1 -1 -1 0 1/8;...
    -1 -1 -1 -1 -1 0 1/4;...
    % Compas 66
    -1 -1 -1 -1 -1 0 1/4;...
    -1 -1 -1 -1 -1 0 1/8;...
    -1 -1 -1 -1 -1 0 1/8;...
    -1 -1 -1 -1 -1 0 1/8;...
    -1 -1 -1 -1 -1 2 1/8;...
    % Compas 67
    -1 -1 -1 -1 -1 3 1/4;...
    -1 -1 -1 -1 -1 2 1/2;...
    % Compas 68
    -1 -1 -1 -1 -1 -1 1/4;...
    -1 -1 -1 -1 3 -1 1/8;...
    -1 -1 -1 -1 -1 0 1/8;...
    -1 -1 -1 -1 3 -1 1/8;...
    -1 -1 -1 -1 2 -1 1/8;...
    % Compas 69
