%% Matriz extraída de: L'Hymne à L'Amour.mid
%% Pista: Acoustic Guitar
format rat;

    melodia = [
    % Compas 1
    -1 -1 -1 -1 -1 -1 1/2;...
    -1 -1 -1 -1 -1 -1 1/4;...
    -1 -1 -1 3 -1 -1 1/8;...
    -1 -1 -1 1 -1 -1 1/8;...
    % Compas 2
    -1 -1 1 0 -1 -1 1/8;...
    -1 1 -1 -1 -1 -1 1/8;...
    0 -1 -1 -1 -1 -1 1/8;...
    -1 -1 -1 0 -1 -1 1/8;...
    4 -1 -1 0 -1 -1 1/8;...
    -1 -1 -1 -1 0 -1 1/8;...
    -1 -1 -1 -1 3 -1 1/8;...
    -1 -1 -1 -1 6 -1 1/8;...
    % Compas 3
    -1 3 -1 -1 4 -1 1/8;...
    -1 -1 5 -1 -1 -1 1/8;...
    -1 -1 -1 7 -1 -1 1/8;...
    -1 -1 -1 -1 4 -1 1/8;...
    -1 -1 -1 -1 -1 3 1/8;...
    -1 -1 -1 -1 4 -1 1/8;...
    -1 -1 -1 5 -1 -1 1/8;...
    -1 -1 -1 3 -1 -1 1/8;...
    % Compas 4
    2 -1 -1 1 -1 -1 1/8;...
    4 -1 -1 -1 -1 -1 1/8;...
    5 -1 -1 -1 -1 -1 1/8;...
    -1 3 -1 1 -1 -1 1/8;...
    -1 -1 5 1 -1 -1 1/8;...
    -1 -1 -1 -1 1 -1 1/8;...
    -1 -1 -1 -1 4 -1 1/8;...
    -1 -1 -1 -1 -1 3 1/8;...
    % Compas 5
    -1 1 -1 1 1 1 1/8;...
    -1 -1 1 -1 -1 -1 1/8;...
    -1 -1 -1 1 -1 -1 1/8;...
    -1 -1 -1 -1 1 -1 1/8;...
    -1 1 -1 1 0 -1 1/8;...
    -1 -1 0 -1 -1 -1 1/8;...
    -1 -1 -1 -1 -1 3 1/8;...
    -1 -1 -1 -1 -1 4 1/8;...
    % Compas 6
    0 -1 -1 -1 -1 6 1/8;...
    -1 -1 5 -1 -1 -1 1/8;...
    -1 -1 -1 -1 4 -1 1/8;...
    -1 -1 -1 3 -1 -1 1/8;...
    -1 -1 5 4 4 -1 1/8;...
    0 -1 -1 -1 -1 -1 1/8;...
    0 -1 -1 -1 -1 -1 1/8;...
    -1 -1 -1 -1 3 -1 1/8;...
    % Compas 7
    -1 -1 1 1 1 -1 1/8;...
    0 -1 -1 -1 -1 -1 1/8;...
    -1 -1 -1 -1 -1 4 1/8;...
    0 -1 -1 -1 -1 -1 1/8;...
    -1 -1 3 -1 0 -1 1/8;...
    0 -1 -1 -1 -1 -1 1/8;...
    -1 -1 -1 -1 -1 6 1/8;...
    -1 -1 -1 -1 -1 4 1/8;...
    % Compas 8
    0 -1 -1 -1 -1 3 1/8;...
    -1 6 -1 -1 -1 -1 1/8;...
    -1 -1 0 -1 -1 -1 1/8;...
    -1 4 -1 -1 4 -1 1/8;...
    -1 3 -1 -1 -1 4 1/8;...
    -1 -1 2 -1 -1 -1 1/8;...
    -1 -1 -1 3 2 -1 1/8;...
    -1 -1 -1 -1 -1 3 1/8;...
    % Compas 9
    2 -1 -1 -1 -1 1 1/8;...
    -1 -1 1 2 3 -1 1/8;...
    -1 -1 1 2 2 -1 1/8;...
    -1 -1 1 2 2 -1 1/8;...
    -1 -1 1 1 1 -1 1/8;...
    -1 -1 1 -1 -1 -1 1/8;...
    -1 1 0 3 -1 -1 1/8;...
    -1 -1 -1 1 -1 -1 1/8;...
    % Compas 10
    -1 -1 1 0 -1 -1 1/8;...
    -1 1 -1 -1 -1 -1 1/8;...
    0 -1 -1 -1 -1 -1 1/8;...
    -1 -1 -1 0 -1 -1 1/8;...
    4 -1 -1 0 -1 -1 1/8;...
    -1 -1 -1 -1 0 -1 1/8;...
    -1 -1 -1 -1 3 -1 1/8;...
    -1 -1 -1 -1 6 -1 1/8;...
    % Compas 11
    -1 3 -1 -1 4 -1 1/8;...
    -1 -1 5 -1 -1 -1 1/8;...
    -1 -1 -1 7 -1 -1 1/8;...
    -1 -1 -1 -1 4 -1 1/8;...
    -1 -1 -1 -1 -1 3 1/8;...
    -1 -1 -1 -1 4 -1 1/8;...
    -1 -1 -1 5 -1 -1 1/8;...
    -1 -1 -1 3 -1 -1 1/8;...
    % Compas 12
    2 -1 -1 1 -1 -1 1/8;...
    4 -1 -1 -1 -1 -1 1/8;...
    5 -1 -1 -1 -1 -1 1/8;...
    -1 3 -1 1 -1 -1 1/8;...
    -1 -1 5 1 -1 -1 1/8;...
    -1 -1 -1 -1 1 -1 1/8;...
    -1 -1 -1 -1 4 -1 1/8;...
    -1 -1 -1 -1 -1 3 1/8;...
    % Compas 13
    -1 1 -1 1 1 1 1/8;...
    -1 -1 1 -1 -1 -1 1/8;...
    -1 -1 -1 1 -1 -1 1/8;...
    -1 -1 -1 -1 1 -1 1/8;...
    -1 1 -1 1 0 -1 1/8;...
    -1 -1 0 -1 -1 -1 1/8;...
    -1 -1 -1 -1 -1 3 1/8;...
    -1 -1 -1 -1 -1 4 1/8;...
    % Compas 14
    0 -1 -1 -1 -1 6 1/8;...
    -1 -1 5 -1 -1 -1 1/8;...
    -1 -1 -1 -1 4 -1 1/8;...
    -1 -1 -1 3 -1 -1 1/8;...
    -1 -1 5 4 4 -1 1/8;...
    0 -1 -1 -1 -1 -1 1/8;...
    0 -1 -1 -1 -1 -1 1/8;...
    -1 -1 -1 -1 3 -1 1/8;...
    % Compas 15
    -1 -1 1 1 1 -1 1/8;...
    0 -1 -1 -1 -1 -1 1/8;...
    -1 -1 -1 -1 -1 4 1/8;...
    0 -1 -1 -1 -1 -1 1/8;...
    -1 -1 3 -1 0 -1 1/8;...
    0 -1 -1 -1 -1 -1 1/8;...
    -1 -1 -1 -1 -1 6 1/8;...
    -1 -1 -1 -1 -1 4 1/8;...
    % Compas 16
    0 -1 -1 -1 -1 3 1/8;...
    -1 5 -1 -1 -1 -1 1/8;...
    -1 -1 5 3 4 -1 1/8;...
    -1 4 -1 -1 -1 -1 1/8;...
    -1 -1 -1 3 -1 -1 1/8;...
    -1 3 -1 -1 -1 -1 1/8;...
    -1 -1 -1 -1 4 -1 1/8;...
    -1 2 -1 -1 -1 -1 1/8;...
    % Compas 17
    -1 -1 1 2 -1 1 1/2;...
    -1 1 0 1 0 3 1/2;...
    % Compas 18
    0 -1 5 3 4 -1 1/8;...
    -1 1 -1 -1 -1 -1 1/8;...
    -1 -1 3 -1 -1 -1 1/8;...
    -1 -1 -1 0 -1 -1 1/8;...
    -1 -1 -1 3 -1 -1 1/8;...
    4 -1 -1 -1 -1 -1 1/8;...
    -1 -1 3 -1 -1 -1 1/12;...
    -1 -1 -1 1 -1 -1 1/12;...
    -1 -1 -1 -1 0 -1 1/12;...
    % Compas 19
    -1 3 -1 -1 -1 -1 1/4;...
    -1 -1 -1 5 -1 -1 1/8;...
    -1 -1 -1 5 -1 -1 1/8;...
    -1 -1 -1 5 -1 -1 1/8;...
    -1 -1 -1 5 -1 -1 1/8;...
    4 -1 3 4 3 -1 1/8;...
    -1 -1 -1 -1 3 -1 1/8;...
    % Compas 20
    -1 3 3 3 4 -1 1/8;...
    -1 -1 -1 -1 4 -1 1/8;...
    -1 -1 -1 5 -1 -1 1/8;...
    -1 -1 -1 5 -1 -1 1/8;...
    -1 -1 -1 5 -1 -1 1/8;...
    -1 -1 -1 5 -1 -1 1/8;...
    4 -1 3 4 3 -1 1/8;...
    -1 -1 -1 -1 3 -1 1/8;...
    % Compas 21
    -1 3 3 3 4 -1 1/8;...
    -1 -1 -1 -1 4 -1 1/8;...
    -1 -1 -1 5 -1 -1 1/8;...
    -1 -1 -1 5 -1 -1 1/8;...
    5 -1 4 -1 4 -1 1/8;...
    -1 -1 -1 -1 4 -1 1/8;...
    -1 -1 -1 5 -1 -1 1/8;...
    -1 -1 -1 5 -1 -1 1/8;...
    4 -1 -1 -1 3 -1 1/8;...
    -1 5 -1 -1 -1 -1 1/8;...
    -1 -1 3 -1 -1 -1 1/8;...
    -1 -1 6 -1 -1 -1 1/8;...
    % Compas 22
    -1 -1 5 -1 -1 -1 1/4;...
    -1 -1 -1 -1 4 -1 1/8;...
    -1 -1 -1 -1 4 -1 1/8;...
    -1 -1 -1 -1 4 -1 1/8;...
    -1 -1 -1 -1 4 -1 1/8;...
    -1 5 6 3 6 -1 1/8;...
    -1 -1 -1 -1 6 -1 1/8;...
    % Compas 23
    -1 6 8 -1 8 -1 1/8;...
    -1 -1 -1 -1 8 -1 1/8;...
    -1 -1 -1 8 -1 -1 1/8;...
    -1 -1 -1 8 -1 -1 1/8;...
    -1 -1 -1 8 -1 -1 1/8;...
    -1 -1 -1 8 -1 -1 1/8;...
    -1 5 6 3 6 -1 1/8;...
    -1 -1 -1 -1 6 -1 1/8;...
    % Compas 24
    -1 6 8 -1 8 -1 1/8;...
    -1 -1 -1 -1 8 -1 1/8;...
    -1 -1 -1 -1 8 -1 1/8;...
    -1 -1 -1 -1 8 -1 1/8;...
    -1 5 5 5 5 5 1/8;...
    -1 -1 -1 -1 -1 5 1/8;...
    -1 -1 -1 -1 5 -1 1/8;...
    -1 -1 -1 -1 5 -1 1/8;...
    4 -1 -1 -1 -1 3 1/8;...
    -1 5 -1 -1 -1 -1 1/8;...
    -1 -1 3 -1 -1 -1 1/8;...
    -1 -1 6 -1 -1 -1 1/8;...
    % Compas 25
    -1 -1 5 -1 -1 -1 1/4;...
    -1 -1 -1 5 -1 -1 1/8;...
    -1 -1 -1 5 -1 -1 1/8;...
    -1 -1 -1 5 -1 -1 1/8;...
    -1 -1 -1 5 -1 -1 1/8;...
    4 -1 3 4 3 -1 1/8;...
    -1 -1 -1 -1 3 -1 1/8;...
    % Compas 26
    -1 3 3 3 4 -1 1/8;...
    -1 -1 -1 -1 4 -1 1/8;...
    -1 -1 -1 5 -1 -1 1/8;...
    -1 -1 -1 5 -1 -1 1/8;...
    -1 -1 -1 5 -1 -1 1/8;...
    -1 -1 -1 5 -1 -1 1/8;...
    4 -1 3 4 3 -1 1/8;...
    -1 -1 -1 -1 3 -1 1/8;...
    % Compas 27
    -1 3 3 3 4 -1 1/8;...
    -1 -1 -1 -1 4 -1 1/8;...
    -1 -1 -1 5 -1 -1 1/8;...
    -1 -1 -1 5 -1 -1 1/8;...
    5 -1 4 -1 4 -1 1/8;...
    -1 -1 -1 -1 4 -1 1/8;...
    -1 -1 -1 5 -1 -1 1/8;...
    -1 -1 -1 5 -1 -1 1/8;...
    4 -1 -1 -1 3 -1 1/8;...
    -1 5 -1 -1 -1 -1 1/8;...
    -1 -1 3 -1 -1 -1 1/8;...
    -1 -1 6 -1 -1 -1 1/8;...
    % Compas 28
    -1 5 -1 -1 -1 -1 3/4;...
    -1 -1 -1 -1 -1 3 1/8;...
    -1 -1 -1 -1 -1 3 1/8;...
    % Compas 29
    2 -1 -1 -1 4 4 1/8;...
    -1 -1 -1 -1 -1 4 1/8;...
    -1 1 -1 -1 3 1 1/8;...
    -1 -1 -1 -1 -1 1 1/8;...
    % Compas 30
    0 -1 -1 -1 3 3 1/8;...
    -1 -1 -1 -1 4 -1 1/8;...
    -1 -1 -1 7 4 -1 1/8;...
    -1 -1 -1 6 4 -1 1/8;...
    5 -1 -1 5 6 -1 1/8;...
    -1 -1 -1 -1 6 -1 1/8;...
    4 -1 -1 4 3 -1 1/8;...
    -1 -1 -1 -1 3 -1 1/8;...
    % Compas 31
    -1 3 -1 7 4 -1 1/8;...
    -1 -1 -1 5 -1 -1 1/16;...
    -1 -1 3 -1 -1 -1 1/16;...
    -1 -1 -1 5 4 -1 1/16;...
    7 -1 -1 -1 -1 -1 1/16;...
    -1 -1 -1 5 4 -1 1/16;...
    5 -1 -1 -1 -1 -1 1/16;...
    -1 -1 -1 5 6 -1 1/8;...
    -1 -1 -1 -1 6 -1 1/8;...
    -1 -1 -1 -1 4 -1 1/8;...
    -1 -1 -1 -1 6 -1 1/8;...
    % Compas 32
    4 -1 -1 -1 -1 3 1/8;...
    -1 5 -1 -1 -1 -1 1/8;...
    -1 -1 3 -1 -1 -1 1/8;...
    -1 -1 6 -1 -1 -1 1/8;...
    -1 7 -1 -1 -1 -1 1/8;...
    -1 -1 6 -1 -1 -1 1/8;...
    -1 -1 -1 5 -1 -1 1/8;...
    -1 -1 -1 -1 4 -1 1/8;...
    -1 -1 -1 -1 16 -1 1/4;...
    -1 -1 -1 -1 16 -1 1/4;...
    -1 -1 -1 -1 16 -1 1/4;...
    -1 -1 -1 3 -1 -1 1/8;...
    -1 -1 -1 1 -1 -1 1/8;...
    % Compas 33
    -1 -1 1 0 -1 -1 1/8;...
    -1 1 -1 -1 -1 -1 1/8;...
    0 -1 -1 -1 -1 -1 1/8;...
